-12  -25  -19  -22  -13   -6   -8  -23  -22   -1  -26   -7   -7   -6  -19   -8   -8  -19   -6   -6   -8   -7   -7   -8  -14   -7  -18  -16
279  151  157  187  206  194  187  189  185  128  230  270  248  272  254  143  238  131  134  392  180  215  188  109  131  227  264  218
8   61   33   29   21   31   61   41   41   13   34   28   34   23   22   94   73   35   45    3   62   25   35   83   68   12   16   18
453   56   73   90  123   75   58   45   57    0   55   76   82   91   74   35   63   90   77 4669   75  172  123   84   54   94  111  103
244  165  146  142  185   94   97  112  121  155  182  120  136  134  154   92  111  158  139  336  102  113  120  101  133  202  312  113
251  142   82  103  126  137   84  133  209  132  207  248  117  101  169  159  100   70   83  179   96  146   60   88   95  140  201   79
89   43   11   47   46   56   42   61   82   30   67  128   33   29   78   48   56   35  -12   98   55   62  -26  -40   -4   70   67   12
34    1   -5   -8    1  -47  -23  -24  -11   40  -23  -60  -53  -44  -30  -20  -68   35   16  -20  -16   -3  -21    2   -4    4   30  -26
112   61   11   58   55   87   50   92  117   76   85  149   34   30   92   95   73   46  -14  104   67   68  -27  -44    0   89   81   15
122   32   17   55   53   73   30   70   92   62   95  153    9   18  102  105   62   24  -35  114   60   91  -21  -39    6   68   81   34
45   34   29   27   37   12   13   18   21   33   35   19   24   23   28   12   17   33   28   52   15   18   21   16   26   40   56   18
2  -21  -28  -28  -14  -48  -44  -66  -47  -16  -52  -57  -39  -47  -55  -55  -46  -12  -15   20  -28  -15  -14   -9  -23  -51  -16  -49
39   48   53   47   40   59   77   75   47   83   94   85   55   66   83   71   89   44   85   68   47   47   34   29   37   83   52   69
-221 -121 -125 -157 -159 -162 -156 -168 -160  -78 -196 -230 -205 -227 -219 -114 -202  -98  -93 -315 -148 -178 -149  -80  -98 -171 -202 -190
91   10   12   34   32   53    4   36   60   11   65  124    7   13   74   46   42    0  -41  103   44   77  -21  -49   -3   48   56   16
9    2    6   10   -7    6    8    9   10   -7    1    9    4   -9   -3    7    6    6    1   -4    0   -8   10    9    9   -6    5  -10
28   22   22   14   20   20   20   20   30   10   10   30   32   32   20   14   36   20   22   28   20   22   22   14   45   28   22   22
-296 -156 -166 -195 -212 -183 -169 -168 -176 -172 -202 -230 -220 -239 -227 -121 -203 -155 -143 -408 -175 -223 -195 -130 -135 -213 -249 -216
715  661  586  464  681  116  223  248  272  574  550  108  502  463  394   49  251  655  669  878  205  207  494  421  556  718 1025  321
171  117  117   78  103  103  103  103  193   66   66  193  217  217  103   78  292  103  117  171  103  117  117   78  409  171  117  117
