-18  -14   -7  -15  -19  -27  -26  -13   -7  -17   -8  -13   -9   -8   -7  -22   -6  -16  -20   -8   -8   -7   -9   -8  -16  -24   -9   -7  -22  -20  -23  -26   -9  -29  -16  -16  -19  -24   -8
231  239  190  202  279  169  180  217  155  385  217  323  128  226  274  170   67  282  165  258  285  323  178  183  485  225  167  202  231  280  156  155  124  199  469  423  378  373  305
22   11   33   16   11   80   47   18   36   10   25    9  120   52   17   28   89   18   52   21   25   21  113   96    3   32  121   46   21   12   49   90   72   79    3    5    7    9    7
178  263  329  277  227   47   53  169  107  129  663  265   71   56  338    0 1384  121   99  176   85   84   31   37  719  108   29   71  132  348   69   50  169   34 1274    0  440  587  216
143  191  114  147  175  145  128  201  103  219  123  209   90  107  139  123   92  162  126   83  140  157   91  108  249  132  107  128  196  157  139   88   92  133  251  210  200   74  443
143  228  103  315  217  153  113  149   56  201  151  257  132  112  177  267  225  296  180   86  121  156  196   77  251   79   77   32  226  173   95   42   48  135  284  221  245  299  311
76  129   19  101  109   66   43   51  -11   42   19  165   74   77   83   93  -26  145   58   53   53   90   83   20  144   23   25   36  127  105   65   38    1   37  137  153  134  142  140
12  115   11   12   16   24   15   22   60    0    0   15    3   16    6    7    4    8   11   71    9   12   18   -1   13    6   11    2   26   17   52   80   -1   18   65   93   11  105  142
81  160   19  129  117   86   45   60  -13   45   19  198   97   85  104   99  -29  171   81   58   55   95  130   18  147   24   25   40  166  117   78   41    2   41  140  161  140  145  181
99  153   20  158  134   58   52   62    9   73   61  206  104   66   91  118  -85  160   64   36   42  104  141   33  189   51  -15   11  158   96   56   21    7   59  171  172  114  155  183
26   37   19   28   32   28   23   40   16   36   21   37   11   16   24   22   13   29   23    7   24   27   11   17   36   23   17   23   38   28   27   10   12   24   37   33   33    3   70
-11  -10    8   -8  -18  -37  -47   -5  -22  -65   16  -17  -17  -55    1   54   20  -36  -11  -32  -52  -64  -71  -58  -22  -26  -64  -32  -12   -4  -23  -46    2  -71   -2   42   -9  -21   -8
88   76   41   41   57   45   54   40   40   64   46   54   66   77   72   59   12   73   45   96   61   84   73   63   99   41   62   74   66   61   51   85   81   97   88   70   86   76   86
-197 -192 -153 -164 -238 -144 -158 -167 -121 -335 -178 -271 -101 -192 -229 -146  -39 -242 -139 -231 -241 -275 -150 -149 -432 -201 -135 -162 -190 -244 -130 -145  -96 -179 -415 -374 -334 -362 -219
71  114   -3  102  112   34   43   41    1   67   60  164   63   38   69   99  -86  134   37   30   35   89   81   24  181   47  -22   12  117   86   32   10   -7   44  165  161  110  147  143
-6   10    9    4    4    2    8   -1    0  -10    1   -7  -10    0    1    7    8    9   -9    9   -7   -3    3    7   -7    7    5    6   10   10    7   -2   -9   -2   -7   -7    8   10    7
14   10   22   28   14   22   14   14   10   20   10   14   10   14   20   32   45   14   10    0   10   14   10   20   14   10   10   22   14   22   20   28   10   14   14   22   20   20   20
-243 -257 -217 -230 -285 -160 -171 -229 -168 -325 -248 -316 -139 -191 -283 -249 -120 -263 -182 -256 -244 -264 -135 -146 -460 -228 -126 -186 -237 -297 -166 -154 -156 -161 -465 -452 -374 -381 -293
355  476  370  286  411  483  386  723  323  620  324  372   28  211  332  242  465  296  360   75  425  366  -46  301  385  386  392  472  489  407  465  182  243  393  442  360  475 -237 1114
78   66  117  171   78  117   78   78   66  103   66   78   66   78  103  217  409   78   66   49   66   78   66  103   78   66   66  117   78  117  103  171   66   78   78  117  103  103  103
