## station 29635 FOG  Yes/DontKnow    COLD period 2015-2022 years
##  Number YES =   28
NP = 1  -12  -25  -19  -22  -13   -6   -8  -23  -22   -1  -26   -7   -7   -6  -19   -8   -8  -19   -6   -6   -8   -7   -7   -8  -14   -7  -18  -16
NP = 2  279  151  157  187  206  194  187  189  185  128  230  270  248  272  254  143  238  131  134  392  180  215  188  109  131  227  264  218
NP = 3    8   61   33   29   21   31   61   41   41   13   34   28   34   23   22   94   73   35   45    3   62   25   35   83   68   12   16   18
NP = 4  453   56   73   90  123   75   58   45   57    0   55   76   82   91   74   35   63   90   77 4669   75  172  123   84   54   94  111  103
NP = 5  244  165  146  142  185   94   97  112  121  155  182  120  136  134  154   92  111  158  139  336  102  113  120  101  133  202  312  113
NP = 6  251  142   82  103  126  137   84  133  209  132  207  248  117  101  169  159  100   70   83  179   96  146   60   88   95  140  201   79
NP = 7   89   43   11   47   46   56   42   61   82   30   67  128   33   29   78   48   56   35  -12   98   55   62  -26  -40   -4   70   67   12
NP = 8   34    1   -5   -8    1  -47  -23  -24  -11   40  -23  -60  -53  -44  -30  -20  -68   35   16  -20  -16   -3  -21    2   -4    4   30  -26
NP = 9  112   61   11   58   55   87   50   92  117   76   85  149   34   30   92   95   73   46  -14  104   67   68  -27  -44    0   89   81   15
NP =10  122   32   17   55   53   73   30   70   92   62   95  153    9   18  102  105   62   24  -35  114   60   91  -21  -39    6   68   81   34
NP =11   45   34   29   27   37   12   13   18   21   33   35   19   24   23   28   12   17   33   28   52   15   18   21   16   26   40   56   18
NP =12    2  -21  -28  -28  -14  -48  -44  -66  -47  -16  -52  -57  -39  -47  -55  -55  -46  -12  -15   20  -28  -15  -14   -9  -23  -51  -16  -49
NP =13   39   48   53   47   40   59   77   75   47   83   94   85   55   66   83   71   89   44   85   68   47   47   34   29   37   83   52   69
NP =14 -221 -121 -125 -157 -159 -162 -156 -168 -160  -78 -196 -230 -205 -227 -219 -114 -202  -98  -93 -315 -148 -178 -149  -80  -98 -171 -202 -190
NP =15   91   10   12   34   32   53    4   36   60   11   65  124    7   13   74   46   42    0  -41  103   44   77  -21  -49   -3   48   56   16
NP =16    9    2    6   10   -7    6    8    9   10   -7    1    9    4   -9   -3    7    6    6    1   -4    0   -8   10    9    9   -6    5  -10
NP =17   28   22   22   14   20   20   20   20   30   10   10   30   32   32   20   14   36   20   22   28   20   22   22   14   45   28   22   22
NP =18 -296 -156 -166 -195 -212 -183 -169 -168 -176 -172 -202 -230 -220 -239 -227 -121 -203 -155 -143 -408 -175 -223 -195 -130 -135 -213 -249 -216
NP =19  715  661  586  464  681  116  223  248  272  574  550  108  502  463  394   49  251  655  669  878  205  207  494  421  556  718 1025  321
NP =20  171  117  117   78  103  103  103  103  193   66   66  193  217  217  103   78  292  103  117  171  103  117  117   78  409  171  117  117
##  No definition =  725
NP = 1   -6  -11   -6   -6  -13   -4   -6   -4   -6   -5   -4   -5   -4  -11  -13   -5  -18  -15   -5  -13   -2  -14  -18  -21   -3   -4   -7   -6   -9  -12   -4   -7  -20  -21   -7  -16  -21  -22   -6   -5   -5   -6  -21  -27  -16   -7   -5   -5   -5   -5   -4  -13   -6  -18   -7   -4   -5   -4  -11   -8  -12   -5   -5   -4  -15   -8   -8   -6   -5  -19  -17   -5  -16   -6  -17   -7   -7  -24  -15  -15   -7   -8   -7   -5   -6   -6  -14  -18  -15  -14  -12  -13  -10  -17  -11  -14  -12   -8   -7   -8  -10   -6   -5   -6   -7  -13  -16   -6   -9   -5  -13  -11  -14   -7   -6   -6  -21  -23  -10  -22  -11   -5   -4   -5   -6  -26   -7   -5   -4   -5   -6   -6   -7   -4   -5   -7   -5  -12   -6   -6   -9   -4   -4   -4   -4   -5   -3   -6  -13   -8  -14  -12   -4   -5   -5  -14   -5  -12  -13   -6   -6   -5   -5   -5  -18   -4  -20   -5   -5   -6   -6   -5   -5   -5   -5   -4   -5   -7   -5  -11   -5   -6   -5   -4   -8   -6  -17   -6   -5   -4   -3   -6  -16  -15  -11  -18  -15  -16   -7   -8   -5   -4   -4  -10  -13  -11   -3  -12  -14   -5   -5   -5   -6  -16   -5   -5  -18   -6   -5  -15   -9  -10  -15   -8   -7  -26   -7  -34  -20   -8   -3   -6   -6  -11  -19  -18   -4   -7   -5  -17   -7   -9   -7   -6  -15   -7   -7  -24  -20   -5   -7  -19  -13  -14  -20   -5   -5   -6   -4  -10   -6   -7  -24  -11  -17  -12   -6   -3   -5   -4   -4   -4   -5   -7  -12  -12  -15   -8   -4   -4  -17  -17  -17  -14   -6   -6   -7   -9   -7   -6   -8  -20   -6   -5   -5   -6  -20  -14   -5   -6  -18   -4   -5   -4   -6  -17   -7   -4   -4  -12   -7   -7   -7   -7   -5  -13  -19  -11   -7  -18   -4   -5   -7   -7   -6   -5   -4   -6   -6   -5   -5   -5   -5   -8   -5   -6   -4   -7   -5  -14  -21  -12   -4  -18  -18  -18  -11   -9   -5   -5   -6   -8   -6   -4   -5   -9   -5  -14  -15  -16  -15   -3   -6   -6   -6   -5  -11   -5   -5   -6   -7   -5   -6  -13  -14   -7   -6   -7  -12  -12   -5   -7   -8   -5   -5   -5   -5   -5   -7   -6  -15  -10  -16   -9  -16  -11  -14  -15   -6   -6  -10   -6  -13   -5   -6   -6   -8   -5  -12   -6   -5   -5   -5   -6   -6   -5   -6  -18   -4   -6   -6   -5   -4   -5  -11   -5   -6   -7   -6   -5   -7  -13  -15   -6   -5   -4   -6  -13   -8   -7   -6   -6  -13   -7   -5   -5   -7  -11  -17   -7   -9   -5   -5  -14   -8   -7  -10   -6  -14   -4   -6   -4   -5   -5   -5  -16   -6   -8  -11   -9  -11   -7  -18  -24  -10   -9  -21  -11   -4   -8  -11   -6   -3   -5   -5   -4   -5   -8   -6  -19   -6   -5   -5   -5  -13  -22   -7   -8  -23  -20  -22   -7   -7   -8   -8  -25   -8   -6   -5   -5  -17   -3   -5   -5   -5   -6   -5   -7  -11   -9   -8  -18  -16   -4   -5   -5   -4   -7   -3  -12  -11   -6  -17  -18   -9   -8   -7  -21  -11   -5   -5  -12   -8   -5   -4  -23   -5   -9   -5  -10  -14   -5   -8  -11  -17   -9   -3  -13   -7   -8   -7   -3  -14  -16   -3   -4  -16   -6   -6  -11   -4   -5   -6   -6   -7   -7   -8   -5  -11   -4  -15   -5  -16  -14  -18  -14   -4  -12  -12   -5   -3   -7   -4  -12   -5   -7   -6   -5   -4   -6   -9  -17  -12   -7   -6   -6   -5  -12   -7   -6   -6   -6   -5   -6   -7   -9   -8  -15   -6  -22   -5   -6   -5   -9  -14   -8  -16  -22   -6  -20   -9  -12  -12  -23   -6   -7   -5   -6   -7   -8   -7   -7   -6   -6  -13  -13   -8  -20   -7  -11  -11   -7   -6  -13  -20  -19   -6   -6   -5   -6   -5   -6  -21  -17  -10   -5   -6   -7    5    0   -4   -6   -5  -23   -6   -7   -7  -22  -20   -8   -6   -6  -15   -8   -7  -11  -24   -6   -4   -4  -14   -9   -4  -21  -23  -16   -6   -7  -16   -5   -7  -12  -15  -16  -14  -16   -9   -5  -18   -5   -6  -26  -12   -1   -5  -13   -5  -14   -5   -6   -4   -6   -5   -9  -12
NP = 2  212  131  100  169  126  124   90  182  212  343  347  269  202  248  252  249  236  207  233  214   95   96  129   96  132  153  178  171  325  323  162  118  126  143  115  240  241  219  113  104  103  157  176  143  141  112  133  154  178  216  254  253  242  251  267  139  104  105  135  119   96   76  140  209  185   60  156  239  298  283  255  288  241  153  161  232  249  223  212  120  123  140  199  260  301  267  338  284  230  222  229  241  231  271  262  265  203  115  152  121  155  150  181  165  149  191  181  130  116  130  148  161  128  121  215  227  212  196  187  105  127  169   57  111  105   92  142  147  116  130  190  138  199  232  236  312  314  308  321  362  271  217  142  124  129   90  130   69  116   92  287  258  161  143  171  128  182  130  100  188  262  216  170  133  361  374  397  268  180  195  202  158  156  113  101  103   72  258  126   95  273  197  213  234  212  243  250  132  132  168  186  137  284  307  287  272  264  240  174  145  109  201  228  210  156  197  294  316  329  286  281  283  205  215  191  122  149  156  125  197  166  150   93  136  142  139  157   89  132  139   92  160  189  129  124  123  190  241  165  190  153  138  196  180  128  110  148  150  113  108  183  206  247  242  247  253  154  122  107  174  216  233  158  258  255  248  139  143  188  282  209  142  142  171  379  372  395  338  258  224  237  267  273  260  222  136  158  192  192  234  218  185  220  269  226  164  128  141  164  181  274  209  236  219  219  216  180   63  177  189  140  208  237  109  136  114  151  161  110  150  118  122  105  213  233  130  122   91  106  113  132   93  133  123  120  122  270  257  207  304  348  322  292  175  233  243  220   99  164  119  141  171  145  140  177  224  236  364  397  352  343  191  244  282  260  188  205  155  136  134  257  224  268  225  212  127  156  198  162  139   79  133  156  145  247  186  295  316  296  204  419  403  393  379  387  344  282  209  171  169  192  100  127  159  137  134   75   88  145  140  108  151  138  150   79  167  199  264  172   78  301  279  226  172  170  199  206   96  156  156  116  168  205  204  113  112  105  123  128  134  146  131  131   84  148  138  143  309  328  298  129  151   88   90  117  115  208  171  152  136   84  142   86  174  205  266  125  176  256  221  232  123   92  224  240  189  114  128  109  112  154  193  168   84  126  120  148  154  118  144  151  147  110  116  132  130  121  123  188  180  158  120  188  202  143  166  215  194  182  174  193  214  127  174  156  149  143  174  147  154  139  143  225  208  189  125  234  274  201  304  313  350  358  315  339  234  165  297  348  317  269  263  196  140  245  316  249  182  271  288  418  233  100  116  263  286  283  192  110  172   95  239  306  336  190  260  250  231  286  283  239  285  320  305  178  168  157  146  120  109  155  195  220  218  183  165  154  113  167  180  124  129  159  146  116   99  167  165  122  139  141  148  155  101  194  252  217  134  160  235  194  228  122   94  112  119   67  155   62  114  152  110  170  282  225  232  148   81  168  167  146  202  230  225  212   96  160  144  155  175  196  210  166  202  195  210  205  115  113  170  166  198  266  287  293  276  111   98  159  206  152  117  163  188  145  155  142  109  191  205  189  262  264  239  254  234  232  218  173  141  144  150  138  103   79  133  138  127  153  179  145  125  188  213  272  258  256  255  246  235  210  213  204  212  210  210  213  210  206  138  227  204  201  192  212  167   90  126  117  214  173   98  130  160  201
NP = 3   62   51   70   60   81   81   98   48   30   12    7   13   15   14   12    8   17   19    9   25   13   74   47   53   24   43   33   68   11    9   16   62   75   51  106   23   20   27   44   58   73   66   34   56   30   44   38   46   54   28   18   18   21   17   20   25   79   46   49   55   43   45   41   21   20  136   98   40   16   13   12   15   15   33   35   48   28   19   17   25   92   54   23   24   13   22    6    8   12   14   16   14   15   13    9   10   16   85   31   68   32   49   39   42   62   44   33   43   91   26   41   32   48  171   40   28   29   29   18   46   30   40   61   64   93  185   65   38   31   44   26   70   40   19   26   14   10   12   12   11   11   18   33   40   45   67   27   84   85   93   23   11   34   46   39   73   28   23   37   37   19   25   40   44   13    7    6   11   40   40   26   36   46   59   77   58   86   25   30   98   22   21   22   13   23   25   19   54   62   31   28   50   16    9    8   12   13   25   39   98   92   39   17   18   38   30   10   12   10   11   15   15   25   25   41   69   48   45   47   23   21   37   56   66   78   93   72  137   60   33   30   46   84   46   63   38   43   24   23   31   50   91   49   33   41   67   58   54  128   33   39   29   19   18   18   19   46   58   33   29   48   22   33   14   14   12   46   35   37   11   23   42   49   44   13    6    7    6   13   17   20   13   15   17   17   50   59   42   34   39   39   26   43   19   16   39   60   42   38   32   20   18   27   23   25   29   52   70   55   27   61   59   29   75   38   42   46   29   91   45   41   53   87  221   27   61   49   96   75   80   44   46   44   78   53   39   19   20   29   28    9    6    9   24   18   15   14   94   34   81   59   62   52   52   74   22   14    5    6    8    7    9   23   16   16   24   32   33   59   67   31   16   23   26   22   41   59   40   48   52   48   56   71   47   22   55   16   15   10   25    4    4    7    5    5    6   13   23   42   44   26   72   43   43   42   52  144   60   42   54   20   38   29   21   75   34   57   14   25   94   15   16   17   36   22   28   20   95   50   37   60   30   16   12   27   55  181   37   63   58   50   53   59  100   50   46  127   19    8    6   77   35   88   64   73   86   20   25   40   37   91   59   79   28   34   18   82   29   12   12   12   30  112   32   14   17   57   38   76   85   46   51   19  117   52   39   43   20   69   50   57   42   52   66   37   39  128  126   36   25   29   61   45   36   39   67   29   32   39   36   53   12   50   34   42   47   53   42   44   40   28   44   38   23   26   59   60    8   10   48   11   11    8   11    8   10   36   19   10   11   19   14   17   75   30   15    8   51   18   22    6    9  250  109   17    7    6   27  112   56   45   15   15    7   15   20   21   33   18   13   45   12   11   17   25   78   44   50   81   37   38   29   32   25   42   35   38   57   27   39   24   69   31   46   19   69   73   36   72   66   26   36   33   35   75   19   22   39   21   31   44   29   38   74   70   71  128   41   84   93   84   69   75   17   14   13   27   83   38   31   20   26   19   27   22  107   44   60   69   46   42   32   45   28   25   21   12   65   76   28   22   15   30   14   13   12   66   52   48   25   45  104   58   24   25   51  113   91    6   12   33   30   26   40   32   34   47   33   39   93   72   59   79  184  145   41   91   44   27   55   32   26   54   42   46   12    8    7   15   16   37   15   20   20   24   22   20   31   19   45   27   34   13    8   12   33   53   45   48   32   39   69   38   24   16
NP = 4  133  189    0  178   96   96  145   44   98  178  561  354    0  172  169  362  120  150  273   71    0   78   97  519    0   53  166   66  178  224    0  220   53   53   59   83   92   89    0  132   92   51   78   50   78   98  125   77   92  108  118  148  143  146  140    0   75  381   97  414    0    0  181  183    0    0   39   43  157  341 1024  214  248  394   98   43  105  497  160    0   68  219  546   69  521  123  796  904  670  202  375  204  130  180  310  222  343  217  179   74  729  110  100  159   74   62  120  172   79  217   72  122   94   46   52  110   97   74  117   75  103   52    0  114   78   67   95  273  455  134  435   96   88  126  120  158  463  296  447  309    0 2619  183  156  152  285  190 1380   46  192   74  500  135  176   93   64  414    0    0  231  158  124  196  273  115  358  810    0   91   80    0   94   87  197   98  174    0   89    0  376   87    0  122 7188  804  108  171    0   73   83  123  170  165  237  426  273  222  146  372   58  104   42  204  282  120   89  202  156  213  393  144  150  204   62  201   96   49   68   98   72  178   75  119   96   68   31   34   55   45   64    0  218   25  239   62   88   43  391  457   69  156   65   55  199  304  115   56   61   43  511  136  125  205  266  181  215   89  223    0  180   40  478 1383  289  187  375    0   73   59  381  359 3255  112  101  109 1222  360  926    0  156  133  222  167  121 1279 1306   62  190  112   46  108  271   65  115  756  173  102  123   68   85  114  215   93  203  111   89   58    0   32  103  138   33   83 4682   77  140   38   73   57   42  136   63  103  223  206  113  368  414  221   76  105  414  790  110   98  148   93  173  269   51  448  763  387  167  146  160  683  728  741   81  126   51  161  148   39  172  556  880  375  283  315    0  185  153  554    0   99 7550   69   64   82    0  164  147  205  383   79   85  466   91    0   72  135  134  112   92  157  146  183  173 1062  631  271  677  363  456  166  339  275   75  177  162   97   73  212  144  913  215   55   73 4867   67  577  230  246   86   95  279    0  271  197  305 3946  259    0   72  168  135  138  199  137  129  131  180    0   83   87  164  164  117   91  141   56  404  112  304   35  133  462  999  130  280  142  227  145   83  253 1087  117  299  252   54  313  368   62  173  478  108  339  422  196    0   60   91  221  154   90   93   88   72   61   58    0  157  110  204   63  119   62   69   83  256  515   86  111  294   46   64   64  119  223  155  119  210  254   48  238  190  121  142   44 4122  178  200  110  139  175  224  120   91  407   93   61  213 1419  242   23 3728    0   22  268  286  321  484  250    0  251  111  158  574  180  621  390  192   40  131    0  166  225   75  438    0   82   48  176  263  349  235   73   56    0  227  117  312 1141   85  176   87  130  172   55  155  186  147    0   53  147   93   53  284   67   90   86   99   58  137  116   68   57  154    0  488    0   94    0   99   46  506   62   58  237   66  133  503   25  391  300  183   81  117   79  292    0  418 1295  148  677   48    0  113   32  145   41  168  262  158    0  269   76  176    0  164  176  171 4122  491   47   96   86  158  108  186  147  170  171  101  889  232  128  116  130  113   91  115  189  188    0    0   53  213  280   63   56  112  607   80   50   75    0   70  126   80   81   69   75   74   71   64  104   77   73   93   60   81  128   79   40   81  130   35  179  381   32  191  301  286  474  505  187  353  132  252  268  161  203  205  236  110  250 1307   97  181  696    0  108  370    0   66  168   67    0 2168  248  134  224
NP = 5   79  120   98   93   97  116   98  147  151  179  218  167  161  213  219  274  206  204  240  186   88  115  157  101  132  155  120  122  182  209  101   97  136  109  102  160  188  158   99  114  104  115  134  149  106  121  129  115  102  119  160  166  151  166  176  111  126  114  177   99  132   88  117  162  134   83  118  146  158  167  154  152  182  131  161  131  132  155  173   97  102  103  128  153  150  158  190  186  195  250  214  294  199  237  282  218  198   96  148  102  171  115  140  132  118  131  160  102   97  125  134  164  114  116  116  134  178  204  234  107  149  135   94  109  104  107  114  127  137  159  127  114  128  127  162  179  165  165  171  163  187  136  123  105  131  106  125   92  134   86  137  249  148  120  129  160  140  126  121  114  162  155  132  113  191  185  211  162  147  124  139  121  131  118  109  112  102  145   97  145  172  128  155  150  129  143  149  113  138  153  171  114  149  267  234  194  182  156  119  117  112  178  161  172  145  150  211  176  217  170  164  204  122  141  156  113  160  106  125  238  153  131   98  103   95  104   90  124  158  185  100  128   70  135  149  139  164  143  142  201  115   97  111  113  108  115  100  132  125   91  126  144  161  152  166  156  121  102  112  136  126  158  123  210  210  208  105  150  208  198  143  133  129  119  147  203  191  229  174  148  173  198  184  211  144  102  104  108  121  142  133  135  144  150  141  125  130  170  122  110  161  136  158  140  137  141  110   92  214  149  100  109  114   91  100  119  112  203   99  168  184  144   99   66  124  119  107   98  106  118  108   96  116   94  128  137  176  133  143  156  206  232  222  176  164  169  157   89  118  107  114  104  114  123  139  244  142  238  256  188  192  105  139  165  137  117  167  118  129  116  129  133  146  142  182   92  109  112  161  123   88  111  112  126  147  152  166  170  368  118  264  236  203  235  321  220  200  144  125  101  173   98  123  121  108  111   77   95  130  108  183  166  129  204  100   96  106  213  146   95  158  155  149  125  154  174  125   98  118  121  104  166  257  212   94  109   86  138  108  108  123  142  176   95  130  105  120  143  242  353  102  137   98  109   97  102  163  119  128  111   95  139  100  113  174  164  110  170  215  278  264   94  120  163  232  209  113  139  112  112  184  149  122  100  107  137  106  134  107   78   98  117  107  118  146  133   97   99  146  153  139  102  120  121  111  133  144  138  117  132  128  129  105  122  131  100  123  126  137  175  169  127  184  146  130  110  158  305  121  184  185  171  219  162  242  180  104  142  161  161  158  196  215  117  135  183  136  114  167  175  196  104   89  137  252  486  751  131  124  104   96  185  195  264  127  145  162  153  148  175  219  220  191  193  102  116  124  136  163   96  153  118  157  153  149  158  109  128  255  113  141  119  124  178  137  106  119  125  110  133  194  152  160  178  134  152  155  150  121  142  134  138   99   96   99  107   88  203   94  105  130  104  135  170  275  203  138   98  139  167  112  162  171  155  180  117  128   90   95  110  115  125  116  139  187  204  266  105   94  205  238  275  138  206  198  227   84   93  115  135  121  113  129  205  144  103   90   99  183  595  111  130  126  133  129  107  104  127  137   90   85  103  120   89   88  123  128  141  151  187  131  125  127  134  136  201  253  338  198  134  109  173  163  160  148  177  159  129  152  108  107  137  212  271  234  136   93  142  115  116  122  106   87  236  162
NP = 6  181  203  167  150  170  241  237  326  197  143  305  182  202  256  198  168  193  210  228  217  262  164  163  108  330  267   93  172  125  156  120  101  112  140  103  260  315  200  174  235  199  163  146   94  230  150  138  131  146  258  160  251  220  155  178  197  219  236  272   51  227  245  243  205  129  149  175  108  201  236  246  390  407  107   88  127  171  254  321  137  127  108   75  163  185   97  215  242  249  235  258  346  287  363  368  194  195  128   76   55  279  179  138   34   45  194  173  173   81   89  135  258  168  122  141  230  224  230  163   56  173  142  246  186  225   86   51  174  153  253  105  158   91   84   88  130   67   50  163  252  334  250  232  289  354  257  276  247  294  119  231  386  260  209  204  181  175  321  321   61  177  200  327  273  185  159  225  224  187  144  269  118  173  253  283  268  259  157  189  361  209  186  211  136  149  218  253  163  128  213  128  117  143  266  216  225  313  247  121  136  234  231  221  194  235  271  171  160  157  127  127  141   83  146  247  295  157  174  111  229  290  272  188   88  162  170  149   87  205  215  234  161   97  227  242  249  262  140  157  253  167  158  113  200  219   53  147  138  231  138  110  179  297  298  258  257  208   98  276  174  154  110  131  261  261  342  156  395  305  174  249  199  180  112  215  293  357  381  335  196  119  227  267  280  191  160  189  156  102  189  218  199  100  109  167  157  138  128  161  111  120   74  163  190   67  100  157  238  369  221   64   41   73  189  118  170  204  268  207  142  252  181   92  108  145  155  266  205  114  189  141  194  273   75  206  176  184  120  191  225  207  239  253  119  218  236  252  113  233  166  173  107   71  221  263  351  156  261  314  295  281  154  194  131  158  184  364  216  223  230   99  191  168  293  367   77  106  175  317  189  184   72  103  199  140  286  179  208  375  159  181  335  290  157  275  313  164  161  156   93  285  233  180  260  166  182  166  223  161  206  295  145  196  271  206   97  189   95  167  187  102  103  149  162  220   38  105  199  155  188  116  210  196  283  178  363  163  203  176   99   65  138  184  122  232  220  222  200  205  282   88  195  232  244  113  146  204  107  184  216  230  322  253  144  221  186  186  258  157  169  308  123  129   69  225  289  114  167  322  100  216  196  279  210   91  260  171  129  123   75  111  106  131  214  227  138   78  108  161  160  124   52  162  139   76   94  105  122  165  188   94  151  257  111  120   84  187  110  195  275  335   94  197  232  181  232  249  236  145  166   84  164  316  309  306  311  148  182  245  131  135  283  416  319  200  239  191  128  198  179  234  342  160  347  210  265  271  283  206   94  102  308  161  137  250  168  148  207  100  181  370  312  151  134   75   77   92  197  263  178  180  146  191  132  119  129  164  251  200  191  199  190  209  213  186  142  149  215  222  136  270  254  306  428  129  146  179  189  193  167  183  109  173  170   37  143   38  286  201   69  153  245  208  218  140  253  233  170  178   77  184  202  250  110  219  233  241  107   69   94  125  140  108   76  128  139  214  106  111  220  141  139  231  249  255  162  172  169   84  134  145  114  154  218  199  199  198   87  230  236  235  109  176  141  189  203  114  118   45   83  110  173  199  142  241  106  183  188  126  313  253  208  226  147  124   88   95   91  153  188  138   62   78   56  105  148  234  156   46  271   90  122  163  190  183   94  213  249  282  164  223  180  145  181  124
NP = 7  -55    3  -16  -43   -1  -41  -36  -37  -39    5   65   10   18   63   74   60   74   87  104   90    1   10   25    4  -24  -36    9  -28   -3   59   -9   12    7   40    1   63   54   18   27  -28  -12  -34   34   33   43  -42  -46  -38    8   45    8   49   16   41   32   11  -31  -28   41   -7  -10   -9  -36  -49   12    0   -3  -16   51  122  120  150   54   23   35   16   51  120  112   32  -34   -9   23   41  111   11  112  136  126   76   97   87   81  107   64   88   42   -7   27   -9    7  -37  -24  -27  -27   23   57    2  -23  -40   19   67  -11  -35   29   35   78   72   42    0   41  -36    5  -48  -47   40  -48  -54  -45  -40  -10  -34  -35   15  -41   -3  -19  -11   18  152   64   24  -34  -21  -29   -8  -15  -30   21  -25  116  115  -28  -28    3   18   10   22   20   25   -4  -32  -32  -29   22   73  114    7  -36   33   72  -35  -18  -15  -23  -25  -21   47   10  -15   14   24  -43  -10   16   40  104  -10  -34   47  -41  -38   55  133  124  121  115  109   36   -6   38  -44   17   17   -6   31  -36   30   61   37   35   72   48   55  -24   -6   60   38  -38   57   52   31  -29  -33   52   70   68   20   -6   -1  -22  -41   29    6   76   87  -43   52    6   56   62   -1   69   37   25  -25   42   54   -1   -4   -3   47  112  118  130   51   18    9   13   12    2   54   27   76   96   73   15  -34  -39  -38  -30  -23  -21  -15  115  103  175  138   43   -3   71  125  132  112   40   18   48   82   41   65   73   56   -6   27   35   31   10   32    1  -16   57  -13  -35    7   -8   69   57   15  -41   -6  -11   28   10   10   34   19  -22   18  -20   23  -48  -50  -18  -45  -42  -13   -7  -42  -35  -33   20    5  -34  -35   -4  -33  -43    3  -15   56  113  121  111   40  131  145  126   -7   32  -18   -2   26    8    6  -35  -11  -19  141  177  184  160   37   47   61   43    5   65    6  -16  -36    0    9   69  112  101   -2   -2   53   61   14  -25  -42   -6   -8    3  -42   27   64   95  -29   77  142   67   35  123  147   80   21   27   47   52    8   23   45  -18  -32    6  -20   28    1  -21  -56  -54  -55  -38  -25  -54   -8  -27  -30   -6  -28  -19  -11  -23   21   46  -20  -35  -10  -29   54   84   75   21  -30    3   46  -29  -34  -38   -5   18   -4  -39  -18  -39   40   75  110   14  -21  -21   13    4  -37   45   10    8   -2  -25  -33  -16   60  -43   35  -11   27   42   47  105   24   11   29   44   59    0   31  -33  -30   60  -52  -12  -17   -8   29  -42    0   -4   -4  -36  -18  -16    3   24   56  -15  -18   54   42   32    0   14   49  -16    3   28    6   -6   -8   -9   28  -39   17  -28    1   -2    5   11   17  -15  -17   31  -36  -27   -8  -42   68   15  -42  -36   48  156  161   65   18  -31   53  102   53   19   55   47    4    4   26   49   -3    1  -32   33   98    3   -7   70  118   89   54  -28   14   11  -40  -32   18   11  -30    4  -37   -3   73  -35  -43  -25    5   45   -7  -31  -30   -7   22   20  -30   29   35   19    6   23   39  -44  -53  -33  -10  -25    9   -3  -33  -28  -24  -28   33   44   50   74   30  -26   27   37    8   -4  -16  -26   -3  -15  -26   13   -8  -27  101   16   21  -19  -33  -38   47   30   43   21   31  -36   11   40   24   56   51  101  -19    6    5    6    2    8   21  -16   -8   19   54   63  -12   10   57   42   76   64   84  105   63   21    8  -10  -13    6  -24   31   68   39   47   27  -23   32   14  -54   16   50   52   47   49   45   44   16  -13  -14   -3   22   -9   -9  -31   62  -45  -41  -48  -46  -34  -47  -43   -9  -12   -7    1   27   50   13    5   13   -2   -6   12   12  -46  -14  -38  -12   15   37   56    0   -3  -17    4  -33  -47    3   -5   10   24    0
NP = 8 -195 -105  -75 -146 -107  -89  -64  -35  -30  -74   -7   10   26    8   14   37   20   39   39   16   64   13    2   21   19  -14    6   -5  -70  -18   55   38  -11  -17   -8  -35   -7    3   60   -1  -11  -42  -16   24   14  -51  -65  -84 -123  -75  -38  -38  -34  -37  -40    3    3    8   21   -1   20   27   -6  -23   18   27  -41  -64  -36  -13    3  -23   13   29   16  -58  -40   17   32   52    4   -9  -19  -42  -41  -48  -41   14   50   44   33   29   10   -1   30   20   35   30   25   10   41  -20  -14    1   -5  -16   15    9   -7    3  -10    6   -6   -6  -49  -13   10   23   31   33   15  -48   41  -71  -69  -63 -102  -64  -48  -22  -57  -34  -58  -59  -64  -69  -74  -79  -71  -81  -29  -20   -8   -2   -1    8   -4    9   -8   -1  -69   14   -5    2  -17    5    0   36   26  -40  -43  -15    2    4 -110  -75  -73   13    0  -25   18   -4   -8   13    4    4   20  -69   34   28  -61    9  -23  -12   -8  -20  -13   43    1   -7   -9    7  -64  -13    2    5    2    3   24   13   22  -33  -17    2    8    0  -39  -38  -23    2   -9  -19    7  -23   12   18   -4  -10  -11   11   21    7    9  -13    9    0  -18   37   -8    8    9  -93 -157  -68  -10   -4  -38  -68  -29  -19  -26  -21  -41  -33  -16   -5  -13  -20    1   -8  -31  -31  -26  -22  -26  -27  -14    0   27   -9  -55  -28   -6  -22  -14   12   31   -8  -18  -20    0   17   -3  -24 -117  -12  -42    4   11  -11  -18   -3   -3    3    2   28  -13  -15    5  -50  -33    3  -41  -34    2   10    8   18  -24  -27  -27   -8  -38  -11   -3  -14   -2   57  -40  -19   10  -49  -42   44   -2    1  -59    6   -3   -6  -50  -70  -75 -190  -93  -21  -10   -6  -10  -10  -24    3   -6  -20   -9   -7  -55  -55  -24  -76  -67  -40  -37  -17  -20  -16   -2   15  -12   -4   -9  -30   -9   -5  -31   -4  -27  -17  -45  -37  -29   47  -25  -34   -9   19   -1   14    6  -10  -62    6  -26    5   22   22  -22  -29   28   27   19  -24  -18    1  -44    7  -43  -35   11    2  -45  -12  -29   -3   -7   12   29   18   19  -11   14   22    1    0    7    7   33   -9  -19    9   14  -96  -65  -54  -14 -113 -143  -83  -26   -4  -92  -65  -33  -22   -6  -30  -14   -5  -15   -9   -8   -9   12   14   15   -3  -13    7  -13  -16  -13    0   -1   12   -4   -1  -26  -73  -28   15   -7    5   10   20   -8  -13    1    6   -7    8   13  -11   15    1  -35  -22   39   -3   -4   27   34   48   13  -42    1   22   28   21   -2   -1   21  -37    8   19  -25   18  -29   -4   13 -114  -99  -49  -21  -18  -17  -23  -34  -32  -33  -16   -4   -9  -37  -39  -26  -46  -26  -30  -23  -19  -53  -11  -11  -16  -14  -16  -10  -21   -7   -2    9   -7  -40  -13   -5    3  -75   24   16  -91  -37  -46  -24   -5  -28   18    6  -73  -65  -21  -12    1   37   26  -65  -52   13   17  -30  -53  -85   65   44   -1  -45   27   68   36   32  -43   33  -21  -52  -18  -20  -71  -17   -5  -36  -10  -17  -35  -35  -17   53  -11  -10    7   15   11   -3  -46  -25    2  -11   18    7   12  -19 -140  -25  -29  -23  -17    8  -12  -35  -14  -15  -28   10   11    9   35  -47  -31  -20    5  -22  -42  -36  -24   18    4    2  -24   13   15   30  -14  -33    1  -36  -32   -1    8   20   28  -29    2   19  -11   -5   -7   27   33  -10  -15  -13   -3  -12  -10   -8  -12    0    9   29   21    2   -5   18   25  -29  -19  -14    6   61   26  -29  -24   10   -5  -39   12   26  -13  -17   -5   37   18 -112  -15  -36   -4  -17   -8   -2   11   41   68   36    7   16   30   36  -54   18  -66  -70  -88  -85  -58 -121 -158 -174 -114  -86  -69  -93  -91  -90  -75  -67  -79  -83  -77  -75  -81  -96  -32 -129 -123  -89  -58  -90  -74   -5  -36  -29 -129  -85  -17  -60  -54 -111
NP = 9  -54   12  -18  -42    6  -45  -38  -41  -41    5   65   11   28   86   95   72   88  111  134  116   -1   18   41    8  -29  -41    7  -30   -3   64   -9    9   17   45   -2   83   67   20   28  -31  -14  -34   53   53   66  -45  -51  -38   20   64   11   59   22   46   34   10  -35  -31   53   -9   -8  -10  -39  -51   17   -2   -5  -17   53  137  134  165   64   21   51   15   53  134  141   33  -36  -10   23   45  111   11  115  152  160  103  131  118  105  133   82   93   50   -8   27  -10    7  -39  -27  -30  -29   33   74    1  -25  -46   22   92   -7  -37   38   45   97  107   66   17   45  -39    2  -53  -49   43  -50  -57  -49  -46  -10  -36  -35   16  -44   -4  -19  -11   18  158   72   23  -37  -22  -36  -10  -18  -33   32  -25  135  127  -31  -31    0   26    8   25   23   25   -3  -34  -35  -32   25   74  119    7  -40   37   69  -37  -21  -17  -26  -28  -25   58    9  -14   17   25  -45  -11   15   38  121  -13  -40   48  -45  -40   61  165  152  144  131  129   32   -8   35  -47   16   22   -1   40  -38   30   62   37   35   72   47   60  -28   -9   93   51  -42   80   75   54  -27  -32   84   92  116   69    6   10  -25  -42   38   24  116  116  -48   72   23   78   69    1   83   37   24  -28   45   65   -2   -5   -5   48  140  144  160   61   16    7   11   11    2   59   25   95  115   95   14  -38  -45  -40  -32  -28  -25  -17  124  106  186  149   46   -5   73  153  159  135   44   17   64   99   39   70   77   62   -7   29   34   36   12   41    1  -17   65  -14  -39    7  -11   81   55   12  -46   -6  -11   37   10   11   73   25  -22   22  -22   55  -51  -58  -20  -43  -43  -16   -1  -44  -36  -35   18    4  -38  -37   -8  -38  -46    4  -16   59  124  139  136   69  164  186  142   -8   30  -11    1   29    7    4  -37   -9  -20  159  198  204  179   35   48   61   43    6   74    6  -20  -40    2    8   81  130  129   -2    1   61   82   15  -26  -45   -8  -11    1  -46   27   65  121  -29   78  153   69   38  131  165   93   24   30   73   55    6   55   56  -17  -35    5  -21   67   -3  -22  -64  -57  -59  -40  -20  -54   -6  -31  -32   -6  -28  -20  -14  -23   23   49  -21  -37  -13  -31   80  120   98   18  -32    5   48  -32  -36  -41    8   33   -6  -44  -19  -42   40   80  138   12  -24  -23   10    0  -40   53    8    8   -2  -27  -38  -19   59  -46   43  -14   37   52   65  143   25   14   34   50   63    8   41  -36  -33   87  -56  -14  -17    1   36  -43    9   -8    2  -36  -20  -18   15   43   56  -12  -22   71   46   35    0   15   47  -18    4   29    4   -9  -11    1   31  -42   14  -33    3   -1    3   31   37   -9  -18   35  -38  -28  -10  -45   92   14  -42  -36   49  177  178   70   27  -31   55  109   53   19   66   69    6    7   28   48   -3    1  -33   35   98    0   -8   87  158  124   65  -31   20    7  -43  -32   19    9  -30    5  -40   -3   83  -37  -45  -25    5   45   -9  -32  -33   -3   20   24  -30   35   41   25   24   22   82  -50  -55  -39  -13  -27   33   -3  -37  -30  -27  -31   33   73   76  104   50  -27   25   36   39   -1  -17  -27   -4  -16  -27   11  -10  -29  149   12   29  -22  -36  -41   49   46   47   30   35  -37   14   46   34   67   56  107  -21    5    9    9   -1    7   19  -17   -9   25   67   61  -12    8   72   72  111   72   95  123   72   19    7  -12  -14    4  -29   38   91   49   66   42  -28   51   23  -54   20   60   67   60   62   51   59   34  -13  -15   -4   29   -9  -12  -20   80  -48  -45  -52  -49  -32  -50  -40   -5   -7    3    9   41   52   16    7   13    0   -2   20   22  -46   -8  -40  -11   21   59   99   13    2  -19   13  -38  -48    5   -8   43   44    6
NP =10  -46   29  -18  -12    6   -5  -76  -84  -68   36   98   67   60  110  106   78   86  105  129   93  -46   11   12    4   13  -82    9  -71   18   81  -33  -14   15   46  -23   74  119   84  -11  -85  -60  -74   53   49   72  -95  -57  -27   45   93   19   65   67   73   61   52  -63  -62   57  -27   14  -60  -87  -62  -14  -52  -42    7  101  133  134  189  100    3   33   73  100  143  158    6  -60  -26   10   65  115   53  127  138  147  119  110   89   91  137  142  103   19  -47  -14  -18   45  -80   -9   -7    7   50   52  -55  -26  -22   31   96  -30  -57   32   51   67  120   61   17   58  -20  -27  -47 -107   16  -10  -49  -39  -93    4  -69  -40   10  -14    1    7    0   64  185  102   30  -95  -43   66  -64  -18  -99   70  -43  115  151  -43  -35   17   -6    4   38  -17    1    7  -58  -99  -82   62  103  129   75  -29   55  117  -20  -26  -67  -55  -63  -53   71  -26  -32   46   61  -72   -1   57  127  102  -16  -55   11  -38  -93   71  164  162  157  139  128   33  -42   -1  -72  -28   18   29   74   -3   42   59   16   51   71   26   10   -7  -39   64   69  -35   58   72   67  -72  -44   69   71   83   27  -60  -24  -70  -34   43   59  102  109   27   58   29  116  113   74   73   95   27  -11   91   88  -63  -58   44  111  175  164  164  100   54  -26   48    0   12   47   22  118  149  149   12 -102  -98   33   54  -24  -56  -39  130  113  225  177  120   34   60  143  152  126   63   47   57  112   74   88   82   88    8   60   40    7  -17   17  -22  -30   83   14  -36  -60  -20   67   53   10 -118  -28  -29    7    4   47   81   30  -54  -49  -71   70  -97  -41   -4  -39  -47  -36   33  -81  -58  -34   10  -60  -98  -49  -20  -50   10   11  -14   66  135  154  119   49  156  165  114  -41   38   -2   25   53  -19  -26 -111   35   19  124  182  202  210   27   55   74   64   26   86   21   35  -56   21    6   88  132  110  -20   19   83   96   68  -60   -4   -6  -45   15 -108   17   66   99   25  119  157  180  101  149  150  101   36   26   72   87  -41   38   86  -29  -16  -10  -60   37   31  -86  -53 -108  -80  -42   -6  -47    4   10  -52   53   26    3  -10   17   -5   36  -74  -74    6  -20   83  114  100   27  -54   54   43  -74  -48   -2    3   43  -44  -55  -34  -51   85  120  155  -22  -24  -52  -22   33  -80   65    1  -27  -26  -84  -19  -80   23  -78   57  -46    6   56   76  113   35  -13   12   47   87    0   27  -54  -65   74  -57   37  -13   10   37  -93  -22   25  -28  -64  -14  -18   20  101   46   23   20   85   60   53   -7   58   44   -5   20   40   48   36   43   -6   20  -94   -1    2   14    8  -11   18   28   17   -5   21  -61  -38  -36  -41   89   22    7  -15   35  160  172  146   71  -45   96  129   54   30  119  131   27   10   90   82   14  -14  -38   84  136   -8   33  132  170  129  107  -58    0    5 -106  -53   52   73  -11   23  -47    1   78  -77 -106  -10   12    9  -16  -26  -31  -11    9   20  -50   35   54    4  -12   -5   61  -66  -78  -40  -57  -34   44   31  -58  -42  -33  -12   25   71   95  131   99  -31   22   30   58   40   23  -65   31  -30  -41    6    7  -11  101    7   26    8  -41  -70   52   31   95   82   44  -23   11   53   12   83   65   74  -27  -15  -12   30   61   39   52   -5    5   44   71   36  -23  -32   64   45   66   65   86  105   73  -31  -38  -43  -34    7   20   92   89   31   58   47    0   59   14  -49   44   49   44   51   76   55   35    8  -14    7  -10  -27  -53  -72  -14   58  -99  -28 -110 -103  -35  -65  -24   26    7    5    6   38   57   55   28   10  -13   11   34   29  -33   -8  -82  -10   58  103   85   20  -13   19   42  -85  -58   -5  -63   49   18   27
NP =11    6   22   15   12   14   21   15   29   29   31   38   31   32   41   42   52   40   41   47   37   11   21   33   16   26   32   21   22   32   37   15   14   27   18   16   30   36   30   15   21   17   20   25   30   17   23   25   20   15   20   30   31   28   31   33   19   25   21   38   15   27   11   21   32   25    9   21   27   28   30   28   27   35   25   33   23   23   29   34   14   16   16   23   28   26   29   33   34   38   49   42   55   39   44   52   41   40   14   30   16   36   20   27   25   21   24   32   16   14   24   26   34   20   21   19   24   35   41   48   18   31   26   14   19   17   18   20   24   28   34   23   20   23   22   31   32   29   29   30   27   35   25   23   17   26   18   24   13   27   10   23   47   30   22   24   34   27   24   23   19   30   30   25   20   32   31   34   30   29   22   26   22   25   22   19   20   17   26   14   31   32   23   30   28   23   26   27   20   28   31   35   20   26   47   43   36   34   29   21   21   20   36   31   34   29   29   39   31   38   31   30   38   21   26   31   20   33   17   24   48   31   25   15   16   13   16   11   24   33   40   16   24    2   27   31   28   33   26   28   41   20   14   18   19   18   21   15   25   24   12   23   27   30   28   31   29   22   16   20   26   22   30   22   40   40   40   17   31   43   37   27   26   25   21   23   34   31   40   33   28   33   37   34   40   27   16   16   17   21   26   24   25   27   27   26   23   25   36   22   18   29   25   30   26   25   26   18   13   45   29   15   17   18   12   15   22   19   43   15   35   41   30   15    0   21   22   18   15   18   22   18   14   21   13   25   28   33   23   27   27   35   41   41   36   31   32   30   11   21   18   20   16   20   23   27   48   26   40   41   32   33   16   25   30   24   20   33   21   25   21   22   24   26   26   36   12   18   18   33   23   11   19   19   24   27   30   30   30   62   20   41   38   33   39   50   38   37   27   23   15   35   15   23   22   18   19    6   14   25   18   41   35   25   44   16   13   16   40   29   14   28   28   28   23   31   35   22   15   21   22   17   34   51   43   13   19   10   28   18   18   23   29   38   14   25   17   22   24   42   60   16   27   15   19   14   16   32   21   24   19   14   28   16   19   35   30   19   35   41   54   51   13   23   31   45   43   20   28   20   20   39   29   22   16   18   28   17   26   18    6   14   21   18   22   30   26   14   15   28   30   27   16   21   21   19   25   27   26   20   25   23   23   17   22   25   15   23   23   27   37   36   24   36   28   24   19   30   55   21   33   33   29   37   28   42   35   16   24   27   28   29   37   44   21   24   32   24   19   31   32   31   15   11   28   47   76  101   24   24   16   14   36   35   45   23   26   30   29   26   32   43   41   34   35   15   20   23   27   35   14   31   20   30   29   29   32   18   25   53   19   29   22   23   38   28   18   21   23   19   26   42   31   33   40   25   28   30   31   22   26   25   25   15   14   15   18   11   43   14   17   25   17   26   31   53   40   27   15   27   34   19   32   33   29   36   22   24   11   13   18   19   22   20   26   38   41   53   17   13   43   50   55   24   38   36   42    9   13   20   25   22   20   24   42   29   16   11   15   38   96   18   22   21   23   22   16   15   22   26   11    9   16   22   11   11   23   24   29   31   39   25   24   23   24   23   38   48   61   38   24   17   34   32   31   28   35   31   23   29   18   16   25   43   55   47   26   13   29   21   19   22   18   10   50   32
NP =12  -19    8   27   -1   -9   -1    7  -47  -22  -32    5   -1   26  -12  -19   -7  -22   -7  -16  -37   41   -8   -1   14   28  -31   -6  -23  -32  -25   11    6  -21  -41  -18  -42  -35  -31   31    1   -7  -35  -31  -31  -39  -12   -7  -24  -21  -28  -31  -21  -19  -22  -19   62   -4   12    5   13   30   53    1   -5   36   30  -42  -69  -28    0   15  -15   -2   14  -10  -68  -31   15  -15   31  -16    6   11  -56    6  -26    3   11   12    2   17    7  -24  -11   -1  -14   10   11    2  -18   31   -9  -13    3  -18  -38   -6   -4  -12   -8  -24   -3  -14  -19  -59  -25  -19  -25  -13  -25  -15  -43   38   -2   -8   -5   -8   10   10    8   11   -6  -24  -32  -17  -30   -1  -10    5  -15   38   21   -3   -8    4   13  -10   19  -22    6  -66   19   -2    4  -18   -6   15   47   49    3  -17  -16    7    9  -63  -17    7   27  -14  -29   32  -21  -14   11   -2    6   27  -41   59   36  -43   47  -20   19   18  -29  -16   37   -9  -22   -7    3  -26   -9    1   -4  -12  -13   15  -20    3  -53  -10    5   -4  -25  -22  -38  -23    0  -29  -21   -7  -56   14   -5  -32  -33   -9  -26  -10  -26   -8  -11  -24  -63  -66  -10  -29  -22    7   11 -101   15  -13  -15  -49   13    9  -25    1  -22  -48   -3    7    1  -37  -28  -23   -4   -6  -15   -6   -1  -11   -6  -16    7   59   -2  -68   19   24    5   -9    6   33  -23  -24    4   10   30   -3  -15  -79   14  -22   11   37  -22  -19   -9  -20  -24   18   21  -33   -1  -19  -66  -17    5  -37  -36   12    1   -2    7  -34  -34  -35  -13  -29   -5  -26  -32  -41   35  -45  -21   -3  -81  -45   23  -33   -4  -62  -18  -22  -41   13  -16   -3   -2   -5   -1   12   20   13   -7  -15    4   20   -6   -5    1  -41  -18   10  -90    1    8    1    0  -20  -21   10   20   18   -9   -1  -44    3    4  -45   10    3   11  -17  -25  -21   52   -9  -26    9   25  -15   23  -16  -20  -45   41  -15  -13    5    3  -20  -30   33  -11   29  -21    2    0  -30   -7  -25  -34   -1  -13    9   -7  -31   -4  -15   -6  -23    9   13  -33    3    4  -13  -26    2   -1   19    3  -36  -23    9  -20   11    7   11  -36  -21    5   59   14  -19   -1   25    9   27  -31  -19    5   -1    2   -1   -3   -8  -19   42  -15   -4    2    5   -5  -12    9  -12   19   -3    9  -41  -39    7   21    1   12    5   11    1   -9    3   13   -8    5   13  -24   15    4  -34  -16   25  -10    4   20   -6   45   -8  -26    2   -9  -11  -13   -5  -10  -16  -32   15   12   -9    7  -37  -32  -22  -41  -22    9   15   -7   -6   14  -29  -15  -38  -16    4    1  -10    2    5  -40    7    2  -13   -4  -56    5    1    1   -8   -8    8    9   -2   -4   18  -14  -38   -1   22   12 -102   34   25 -142  -12  -16  -13    3  -19   42    1  -48  -52    8  -13   22   16   14  -88  -41   41    1   -4  -56  -16   86   -2  -15    0   12   31    1   -1  -41   34   -4  -41   -8   -1  -51   -9  -28  -35  -26  -35  -25  -26  -23   47  -33    0   -7   -9   -4  -26  -34  -28  -28  -37    1  -16  -16  -25   -6   18   26   31    2    8   -5  -40   18  -20  -20   13  -27   -1   25  -83   10    9   10  -48  -19  -24   10   50   15   23    5   21  -28   45    1  -50    3  -41  -19   15  -22   26   14  -24    7    6   -2   -8   -4   37   30  -46  -18  -19   -3  -18   -3   -3   -5    4  -19   22   11   -2    0    1  -17  -39  -39  -17  -13   48   42  -41   -2   13  -12  -33   -8   13  -24  -34  -12  -21  -18  -18  -47  -51  -48  -48  -49  -46  -52  -13  -19  -27  -15  -21   -5    6  -22  -39  -13  -11  -47   -2    0  -71    4   11   -2   -1   11  -10   -2  -16   -6    4  -12   -2    3    1  -21   -1   21  -40    0   16   13  -38   16   41  -20    2  -50   50   25   -7    5   -8
NP =13   35   58   38   51   37   27   28   17   31   40   29   16   15   42   37   54   35   34   76   32   25   20   26   20   12   15   46   15   36   38   20   35   20   36   13   34   56   32   29   14   15   19   32   32   20   44   63   39   50   50   36   43   55   48   65   29   27   16   40   22   21   10   26   22   34   24   89   60   39   42   37   44   75   35   35   60   49   91   38   31   26   43   54   52  150   88   66   69   52   38   75   78   67   79   65   57   23   13   69   44   35   18   16   21   21   27   38   14   25   44   45   29   26   38   49   26   34   54   30   27   25   53   44   44   28   77   36   26   26   43   31   17   41   57   26   33   57   65   54   65   52   26   26   22   13   23   25   14   37   11   68  132   19   25   37   50   28   23   22   53   37   60   21   11   58   72   82   23   14   50   95   17   15   17   19   10   11   75   47   24   62  113   42   37   41   31   89   17   21   28   14   20  104  117   53   85   49   30   30   31   27   19   24   22   28   72   32   66   63   32   45   68   45   56    9   21   73   74   26   57   41   28   13   64   60   68   48   51   59   41   21   63   93   53   63   64   31   71   32   59   67   43   61   20   29   33   52   90   30   27   28   77   51   49   58   22   24   48   29   23   49   37   50   29   71   59   44   23   67   21   17   25   30   53  104   78   70   97   25   27   77   75  102   78   43   17   47   66   72   66   86   61   27   63   33   16   30   29   33   46   70   24   27   29   56   49   85   50   27   38   11   78   61   39   97   22   46   49   53   54   32   33   46   99   78   26   48   33   42   14   24   65   17   32   23   48   26   81   22   61  117   87   51   52   70   84   73   21   23   20   21   61   15   25   25   30   15   91   62   78   80   43   54   64   49   39   47   26   27   27   98   24   85   37   66   29   32   48   37   67   14   58   36   17   31   32   39   40   58   16   99   59   61   82   75  100   67   19   21   38   42   11   21   48   15   19   28   26   39   56   19   38   20   27   20   54   36  104   33   15   31   49   48   31   60   73  116   15   38   20   19   49   66   52   18   11   15   26   39   19   18   15   38   17   29   14   70   63   67   46   72   51    8   18   24   17   37   16   25   19    8   16   16   67   32   72   20   31   28   26   47   28   22   68   41   38   39   25   12   62   55   24   17   16   31   37   33   35   59   95   38   26   24   21   24   43   30   55   58   66   66   53   25   38   25   93   48   37   43   33  108   35   19   29   21   29   21   25   20   24   18   29   70   15   26   18   84   49   15   65   78   69   44   28   50   11   22   91   61   44   45   24   32   16   49   75   66   37   37   96   72   68   64   33  101   66   97   20   45   50   27   16   53   62   66   31   46   33   60   75   30   46   32   61   71   36   42   13   21   51   50   45   38   38   66   33   38   41   21   36   29   43   33   27   25   23   24   25   17   73   47   61   40   66   35   49   28   32   37   26   34   80   18   15   66   72   32   67   40   37   29   14   35   44   31   60   46   19   46   53   43   43   46   61   63   17   38   25   53   38   30   37   24   29   38   50   43   25   60   42   45   53   48   51   45   49   38   98   34   43   16   31   61   58   32   46   46   56   33   23   43   39   57   41   26   28   57   41   45   58   25   25   31   14   18   73   50   51   28   32   27   42   49   43   52   65   57   68   71   40   56   61   74   50   60   65   53   39   89   25   40   60   69   74   66   60   24   67   56   69   37   25   85   75   93
NP =14 -184  -98  -69 -137 -101  -86  -60 -135 -165 -289 -284 -216 -150 -194 -199 -179 -190 -159 -169 -167  -62  -69  -94  -79  -89 -105 -141 -132 -274 -270 -126  -88  -98 -123  -84 -202 -201 -187  -82  -67  -70 -119 -148 -119 -117  -75  -93 -115 -143 -175 -204 -208 -194 -211 -215 -101  -65  -67  -90  -90  -62  -47 -101 -158 -150  -36 -120 -193 -248 -245 -217 -239 -197 -112 -124 -190 -205 -194 -170  -97  -91 -108 -158 -210 -252 -217 -290 -241 -183 -165 -176 -178 -178 -219 -198 -212 -154  -86 -109  -91 -109 -112 -137 -123 -113 -156 -141  -98  -88  -91 -114 -117  -98  -86 -176 -183 -174 -156 -131  -87  -89 -126  -26  -75  -72  -78 -105 -105  -73  -83 -148 -101 -158 -188 -186 -259 -262 -263 -269 -311 -219 -171 -101  -89  -86  -55  -89  -40  -83  -67 -249 -199 -114 -104 -129  -90 -137  -96  -69 -150 -211 -167 -127  -97 -316 -317 -353 -216 -134 -154 -157 -118 -113  -75  -65  -67  -40 -211  -94  -57 -220 -156 -164 -185 -172 -197 -213  -97  -90 -120 -133  -99 -245 -249 -229 -228 -219 -202 -137 -109  -74 -146 -176 -163 -118 -155 -232 -269 -277 -233 -229 -224 -165 -180 -143  -86 -114 -121  -86 -143 -123 -112  -71 -104 -111 -126 -127  -79  -99  -90  -58 -120 -165  -94  -92  -94 -140 -197 -120 -145 -117 -108 -159 -143 -102  -75 -115 -126  -89  -78 -143 -174 -204 -202 -209 -204 -114  -89  -71 -136 -174 -186 -137 -203 -206 -196 -105  -95 -131 -223 -161  -99  -99 -134 -337 -320 -347 -278 -204 -175 -196 -221 -229 -208 -176 -103 -126 -158 -153 -189 -177 -155 -174 -220 -180 -124 -101 -100 -124 -145 -236 -164 -187 -173 -175 -182 -145  -33 -116 -148 -108 -172 -200  -81 -102  -84 -127 -111  -80 -113  -65  -78  -76 -191 -192  -92  -86  -61  -73  -75  -96  -61  -95  -95  -80  -81 -215 -213 -160 -264 -305 -265 -229 -135 -196 -203 -177  -73 -125  -84 -103 -139 -107  -99 -133 -164 -190 -308 -340 -305 -296 -153 -199 -231 -215 -148 -160 -117  -96  -97 -215 -180 -220 -187 -167  -99 -121 -161 -120 -106  -50  -97 -121 -103 -199 -140 -242 -263 -218 -165 -362 -345 -346 -319 -322 -289 -233 -172 -131 -136 -144  -69  -95 -120 -101  -97  -53  -57 -109 -105  -58 -101  -96  -95  -48 -133 -164 -216 -125  -48 -251 -229 -177 -131 -129 -147 -164  -67 -118 -116  -84 -126 -149 -146  -82  -75  -78  -89  -96 -100 -106  -88  -88  -55 -105 -103 -106 -267 -275 -222  -99 -108  -57  -63  -88  -84 -162 -133 -119  -98  -54  -96  -54 -136 -152 -225  -90 -128 -200 -156 -169  -94  -67 -193 -182 -136  -94  -92  -72  -79 -107 -146 -126  -53  -91  -77 -113 -114  -84 -130 -119 -109  -75  -78  -94 -104  -91  -94 -158 -146 -131  -88 -149 -163 -109 -142 -171 -150 -143 -131 -163 -170  -93 -134 -113 -116 -102 -135 -109 -107  -91 -114 -181 -159 -146  -89 -184 -202 -158 -255 -263 -297 -308 -277 -278 -183 -131 -265 -302 -267 -219 -212 -139 -102 -200 -279 -204 -148 -218 -238 -369 -197  -73  -80 -208 -198 -168 -157  -73 -139  -66 -182 -257 -280 -147 -211 -210 -184 -238 -235 -177 -223 -264 -249 -144 -131 -119 -102  -78  -77 -118 -155 -181 -179 -149 -125 -117  -80 -109 -142  -79  -93 -117 -101  -74  -67 -129 -124  -85  -98  -91 -113 -115  -54 -150 -204 -168  -95 -122 -190 -151 -184  -90  -63  -82  -88  -41 -110  -32  -96 -110  -77 -127 -232 -164 -177 -115  -66 -125 -132 -112 -158 -185 -194 -159  -60 -118 -114 -124 -141 -159 -169 -128 -157 -149 -160 -141  -96  -84 -119 -109 -133 -220 -236 -249 -228  -84  -69 -120 -162 -112  -82 -137 -141 -105 -121 -112  -79 -128 -100 -150 -218 -221 -211 -210 -198 -198 -191 -145 -113 -116 -116 -108  -77  -51  -99 -116  -85 -106 -124 -112  -89 -146 -184 -243 -210 -191 -180 -199 -191 -174 -168 -165 -173 -171 -168 -167 -168 -171 -102 -190 -180 -149 -120 -149 -132  -60  -92  -80 -175 -132  -64  -99 -103 -157
NP =15  -48   21  -14  -19  -11  -10  -74  -81  -66   37   93   62   64   77   81   61   68   75   90   66  -45    5  -10   -8   18  -81  -14  -69   18   70  -33  -14   10   41  -21   48   82   59   -9  -81  -57  -75   23   20   41  -94  -59  -45   17   57   12   52   48   61   48   55  -60  -59   22  -31   -3  -59  -85  -60  -14  -52  -41    5   87  109  120  158   78    0   20   57   76  103  106   -1  -58  -25   11   55  115   50  123  114  110   90   78   58   62  101   99   84   21  -45  -14  -28   24  -78  -14   -5   -6   45   33  -54  -34  -28   20   56  -39  -56   15   33   49   72   29  -18   55  -38  -25  -62 -105   19  -20  -46  -43  -86   -6  -68  -40    9  -12    2    7    0   62  174   84   32  -93  -41   32  -60  -17  -97   39  -44   92  109  -39  -44   12   -9    9   34  -15    0    6  -56  -96  -79   55  100  120   71  -26   38   98  -19  -23  -68  -53  -60  -56   50  -30  -46   39   49  -69    1   57  107   85  -23  -50   15  -40  -92   55  126  122  138  123  108   26  -40    1  -69  -26   10    0   45   -1   39   56   16   42   64   25    9   -4  -37   44   43  -43   26   41   26  -89  -60   25   46   37  -14  -69  -40  -67  -45   19   13   46   75   14   37   27   80   74   48   49   71   28   -9   62   61  -62  -55   26   87  132  119  125   84   44  -25   53   -7    9   35   22   89  110  105    6  -99  -93   31   56  -24  -51  -39  117  106  197  148   91   29   45  110  122  102   59   48   36   80   63   61   65   87    7   57   42    9  -18   -4  -25  -37   64   15  -35  -58  -28   49   44   14 -113  -42  -29    3   -4   20   24   -3  -66  -45  -79   32  -94  -54  -19  -48  -50  -33   15  -77  -57  -36   13  -60  -95  -55  -15  -62    3    8  -13   56  119  126  119   50  132  130   86  -40   42  -10    8   41  -20  -24 -107   37   19  108  164  174  176   27   46   69   61   26   63   21    5  -52   10    7   64  100   81  -19   -3   68   51   28  -59  -23  -10  -42   11 -104   17   59   73   23  112  143  161   99  134  125   76   35   22   63   60  -39   18   54  -42  -26  -10  -58   14   13  -79  -69 -106  -78  -52  -24  -47   -2   14  -49   53   25    5  -13    3   -2   29  -71  -73    8  -23   51   74   68   30  -51   33   45  -71  -52   -8    8   24  -43  -57  -33  -58   74  110  116  -21  -20  -50  -22   24  -76   50    3  -26  -26  -82  -28  -77   24  -80   41  -46   -7   47   57   82   38  -15    1   47   83  -22   -1  -52  -63   45  -61   41  -21   -8   36  -95  -25  -12  -39  -64  -13  -15   -3   47   33  -12  -14   54   33   36  -18   34   39  -16    7   38   28   20   48  -23   19  -92    2   -7    9   11   -8   -3    4   13  -13   11  -60  -37  -34  -41   71   23    5  -15   34  143  151  129   51  -45   83  119   54   28   93   75   12    3   81   83   15  -14  -37   80  138  -18   15   94  130   96   79  -66  -13    6 -104  -54   49   78  -12   19  -48   -1   67  -77 -102  -10   11    9  -14  -25  -32  -27   -1   -8  -51   22   33   -6  -28   -4   10  -72  -77  -36  -54  -31   28    5  -76  -42  -30   -8   24   34   59   90   44  -30   24   34   17   14   21  -64   17  -29  -39    8    8  -48   61    1   28  -12  -40  -67   45   32   61   57   18  -27   13   30   -5   56   54   80  -41  -18  -27   12   42   22   46   -3    4   32   61   39  -23  -32   35   12   36   49   70   87   59  -31  -37  -41  -33    9   -8   59   61   21   34   14  -21   36   13  -56   30   34   28   33   49   34   16   -6  -26  -18  -27  -29  -56  -74  -39   21  -94  -38 -111 -102  -52  -67  -29   19    2   -1   -4   32   49   38   16    6  -14    8   26   19  -40  -16  -81  -14   37   79   48    8  -22   23   18  -82  -57   -2  -59   12    2   10
NP =16    2    6    6    6   10    8    1    6   -4    5   10   10   10   10   10   10   10   10    5    7    6   10    8    9    7    4    9   -2    7    3   -5    9   10    9    8    6    9   10    9    7    8    6    9   10    9  -10  -10   -4    5    5    5    7    7    6   -9    7    6   10    8   10    8    6    5    4    8    9  -10   -2    0    9   10    8    9    7    8   -1    2   -2    3    7   -6    5    8    6    0    2    9   -5    9    9   -4    5    4    7   10    2    7    9    7   -7    8    8   10    1   -7   10   10    9    6    0   10   10    8   -6   -2    4    4    3   10    4   10    1    5    9    8   10  -10    7   10    7   10    2   -1   -3   -2    8    6    9    4    7   10   10    4   10    8    9    9    8    8   -1    8    8    7   10    9    7   10    8    9   -7    5    6    8    6   -9  -10   10    9    7    9   10   -7    8    8    9    7    7  -10    9    8    4    7    0   10    1    9    6    0   -8    2   -7   10   -7    9   -7    4   10    8   10    9    8    3    9   10    7    8    5    5    9    9    8   10    2    8    8   10    9   10   -4    8    9    8    6   -5    8    7    3   -1    5    9    9   10   -6   10    9   10   -4    1   10    9    9  -10   -5   10    9   -3   -8   -3    4   10   10   10   10    9    9    9    8   10   10   10    6    3   -7   10    9    9   10    4   -1    8    9    9    8    8   -5    7    9   10    9    9    3    3    7    9    9   10    7    0    7   -3   -6    9   -8    2   10    9   10    9    8    0  -10    4    4    9   10  -10   10    7    1    9  -10  -10   -7   10    8   10    4    9    8    2   10    4    1    3    1   10    9   -1    4    9    8   10    8   10    8   10    6   -1   10    1  -10  -10    9    4    0    9    9   -2   10    9    7    3   10    8    0    9    5    4    9    9   10    7    8    7    9   10    8    8    8    3    4    9    6   10    9   -1    3   10    9    9    2   -4   10    5   10   -1   10   10    9  -10   -4    9    1    0    4    9    7   10   10   -3    9   10   10    7    5    8    9    8    7    8    9   -9   -3   10    6   -9   -2    8   10    6    7    9   10   10    6   10    8    6    7    9   10   10   10   10    8    9    8    9    7    9    9   10    4    9    5   10   -5   -6   -9    3   -9    7    8    8    6   -3   10    7    9    9    9    8    3   10    2   10    6    8    0    4   10   10    8    8    9    7    9    9    6    9   10    5    9    7    9    9   -1   10   10   -2   10    7   10   10    7    0   -3    9   10    9    7  -10   10   10   -8   -1    2    9    9    9   -5   10    7    9   10   10    8   10    9    7    8    4    9    7   10    8   -2   10    7   -3   -7    9   10   10   10    8   10   -6    2   10   10   10    9    9    4   -2    2   -2    4   -6   10    9    9    7   -9   -4    3   10    0    6    9    4    9   10    1    3   10    2    4    1   -1    6    8   10    8   -9    9    9    8   10   10   -4   10    5    9   10   10   10    7    6   10    6   10    8    8   -5    1    9    7    9    8   10   10    8    2   10    9   10    2    9    1    7    8   10   -5   -9    7    3    9    0    8    6   -2    9   10    9   10   10    3   -4   10   10   10    4    9    8    5    9    7   10    7   10    9   -3   10    6    8    9    9   10   10   10    7    6    9    0    7    9    9    8    9    8    5    9    9    9    9    9   10    8    6   -9   -3   -4    3    9    7   10    9    9   10    6    8    9    5   -9    9   -1    2   -2    6    9   -1    9    9    9    9    4    2    6    4    7    9   -7    0    1    7    4   -9    3    5   -1  -10    9    3    9    9    6   -5   -8   10   10    7   10    0
NP =17   73   86   64   64   73  100   58   92   41   41   73   45   58   32   22   20   22   20   14   22   54   61   40   30  117   71   22   54   61   32   22   30   36   32   40   50   14   22   40   67   61   50   22   10   30   10   36   64   64   50   58   50   36   32   10   82   64   94   71   20   71   73   64   58   58   32   32   36   41   32   41   41   42   28   10   36   32   10   36   54   32   22   14   50   30   36   20   10   22   22   54   45   72   28   14   22   28   32   20   20   82   51   72   50   28   58   36   41   14   10   36   60   42   57   41   45   28   10   10   14   36   40   82   85   63   36   41   60   60   58   40   45   28   58   50   58   36   22   36   30   78   85   64   98  114   86   98   58   63   20   32   36   78   54   54   71   70   71   91   41   28   50   76   67   32   51   10   50   63   36   50   54   64   86   81   92   72   14   50  108   41   28   45   45   10   36   36   50   78   82   99   51   14   22   14   22   36   45   36   28   72   92   72   51   45   61   71   28   30   32   32   32   22   36   82   81   22   32   67   36   76   67   32   14   30   22   30    0   42   81   86   41   45   70   28   30   85   20   41   42   22   14   32   36   71   28   32   22   60   32   30   28   36   36   28   57   71   41   72   81   45   14   10   42   30   61   41  108   54   61   85   91   70   20   41   45   20   63   67   63   30   10   28   14   22   45   22   10   14   45   22   20   50   41   50   50   32   36   50   20   28   41   60   67   20   10   32   90  117   58   30   32   20   45   30   36   32   78   42   41   81   61   30   60   41   78  100   50   45   72   63   58   76   14   72   20   80   22   81   41   20   20   28   14   14   22   28   14   72   81   57   10   57   92   72  117   32   45   41   10   28   41   45   20   22   50   73   50   63   54   20   50   45   61   67   10   40   32   80   61   54   28   32   73   58   82   61   57   72   20   22   58   10   10   10   20   20   45   58   30   71   51   45   50   42   54   30   61   50   41   67   50   41  100   50   58   54   36   85   58   40   51   85   71   50   30   20   36   45   71   22   42   14   58   45  114   67   51   20   28   45   51   54   36   72   63   45   32   32   20   10   51   72   89   22   30   58   32   61   70   58  122   73   45   67   45   54   92   28   28   36   20   41   20   54   41   30   50  108   14   72   58   99   92   57   64   40   57   50   51   45   58   78   85   57   10   36   32   20   20   14   22   30   20    0   28   14   32   57   72   40   54   72   61   64   42   81   28   72   94  100   14   71   78   50   81   89   50   40   67   30   30   40   41   64   67   20   28   50   42   45   51   67   81   61   14   20   10   57   50   45   40   45   94   30   10   22   40   41   20   20   86   51   22   61   60   54   45   22   54  108   76   57   30   32   40   14   71   81   58   40   40   71   28   50   36   71   54   50   72  106   36   86   63   71   22   51   72   94   45   54   40   41  100   54   45   63   51   41   45   45   51   58   61   41   10   28   58   67   42   67   58   70   57   20   32   41   45   32   20   51   54   41   22   36   50   57   42   32   10   22   32   51   32   32   28   42   41   41   51   22   20   41   57   22   14   61   45   71   40   73   58   41   36   50   57   57   42   51   42   82   41   50   36   54   32   30   28    0   20   45   61   61   28   54   51   22   28   41   94   61   67   81   51   32   30   32   10   36   40   30   28   22   36   57   50   85   51   32   70   40   10   36   42   51   50   64   58   70   36  100   58   64   51   10
NP =18 -213 -165 -152 -189 -149 -141 -124 -151 -203 -310 -346 -278 -244 -249 -253 -263 -234 -220 -246 -197 -200 -123 -154 -154 -187 -142 -195 -163 -301 -310 -217 -153 -135 -147 -123 -222 -230 -215 -173 -132 -125 -144 -182 -148 -156 -134 -154 -156 -178 -209 -237 -249 -236 -251 -253 -223 -121 -145 -154 -161 -155 -164 -166 -219 -245 -122 -133 -184 -276 -299 -291 -280 -258 -188 -177 -179 -231 -263 -225 -197 -132 -171 -230 -218 -311 -248 -353 -315 -265 -238 -254 -251 -229 -271 -276 -271 -232 -151 -177 -134 -197 -164 -183 -184 -153 -177 -195 -159 -133 -161 -156 -178 -150 -118 -179 -217 -213 -194 -195 -133 -150 -151 -130 -135 -123 -123 -155 -177 -156 -153 -219 -152 -192 -224 -226 -286 -318 -308 -323 -343 -311 -251 -168 -150 -153 -131 -158 -121 -119 -132 -241 -282 -176 -168 -174 -139 -211 -209 -179 -209 -253 -213 -191 -167 -307 -355 -404 -302 -179 -185 -242 -165 -161 -146 -124 -136 -125 -230 -212 -142 -237 -257 -211 -268 -245 -227 -255 -185 -140 -168 -191 -163 -276 -303 -300 -285 -271 -242 -205 -142 -132 -159 -234 -232 -176 -194 -281 -292 -313 -293 -262 -265 -220 -194 -207 -140 -145 -154 -142 -188 -189 -156 -130 -152 -146 -123 -126 -121 -132 -141 -146 -186 -128 -167 -139 -148 -155 -260 -198 -184 -176 -142 -171 -200 -172 -136 -142 -158 -119 -150 -194 -217 -256 -258 -257 -255 -160 -156 -191 -196 -168 -257 -215 -270 -261 -268 -193 -146 -168 -289 -231 -185 -158 -177 -311 -385 -375 -351 -295 -225 -238 -275 -269 -248 -255 -180 -153 -210 -195 -184 -213 -220 -193 -246 -254 -185 -157 -167 -159 -178 -257 -222 -217 -229 -213 -210 -164 -131 -133 -194 -163 -152 -214 -159 -144 -148 -136 -163 -118 -139 -143 -128 -131 -228 -240 -150 -159 -136 -143 -127 -149 -136 -174 -146 -139 -150 -237 -253 -225 -230 -355 -338 -297 -201 -240 -249 -253 -148 -201 -133 -160 -154 -168 -162 -144 -231 -259 -375 -378 -339 -337 -280 -245 -266 -280 -232 -203 -199 -141 -137 -226 -276 -258 -231 -231 -167 -159 -190 -202 -156 -147 -141 -175 -164 -231 -184 -274 -285 -282 -215 -422 -395 -365 -378 -371 -345 -274 -239 -198 -167 -209 -133 -150 -159 -167 -158 -127 -127 -143 -146 -157 -150 -177 -179 -122 -168 -195 -279 -238 -122 -286 -283 -260 -197 -219 -184 -215 -129 -174 -180 -144 -186 -214 -216 -192 -128 -126 -158 -158 -155 -156 -155 -135 -131 -162 -172 -120 -280 -338 -319 -155 -182 -122 -136 -147 -132 -229 -210 -173 -169 -126 -135 -129 -203 -181 -266 -166 -184 -272 -247 -241 -201 -115 -221 -250 -203 -144 -148 -127 -127 -152 -171 -213 -120 -146 -151 -146 -170 -125 -155 -158 -177 -152 -132 -156 -178 -118 -132 -183 -197 -197 -150 -195 -219 -177 -158 -231 -210 -189 -187 -166 -249 -156 -195 -168 -169 -168 -198 -168 -164 -177 -163 -199 -221 -226 -159 -143 -305 -263 -173 -308 -332 -348 -329 -322 -289 -193 -271 -312 -325 -262 -288 -224 -168 -181 -291 -312 -200 -269 -240 -397 -337 -122 -119 -265 -287 -287 -218 -125 -159 -163 -245 -275 -332 -224 -228 -256 -212 -262 -274 -195 -267 -297 -279 -245 -153 -177 -156 -125 -147 -159 -189 -210 -213 -173 -186 -168 -129 -159 -194 -173 -170 -206 -161 -171 -125 -146 -199 -127 -138 -175 -155 -177 -147 -129 -267 -235 -168 -163 -225 -185 -244 -196 -138 -159 -150 -119 -147 -135 -150 -121 -140 -142 -270 -246 -234 -203 -137 -166 -198 -195 -216 -239 -241 -249 -141 -141 -157 -162 -193 -197 -222 -183 -213 -213 -208 -240 -162 -141 -184 -184 -200 -235 -262 -289 -277 -184 -169 -146 -221 -182 -125 -161 -199 -188 -159 -134 -125 -235 -183 -195 -227 -229 -216 -219 -207 -204 -200 -189 -150 -149 -159 -143 -124 -114 -147 -133 -140 -169 -139 -177 -166 -140 -234 -290 -274 -274 -275 -254 -252 -213 -234 -231 -226 -229 -231 -231 -206 -233 -181 -213 -231 -239 -235 -206 -204 -161 -139 -147 -190 -230 -147 -162 -178 -222
NP =19  254  447  383  308  318  501  496  823  766  600  638  539  581  657  681  946  679  661  736  602  350  449  689  343  578  871  434  631  666  631  392  337  555  302  402  507  525  473  357  645  507  593  430  537  228  678  657  506  257  259  621  546  472  521  576  336  683  612  719  379  574  387  647  825  582  309  541  571  407  380  341  210  556  533  632  355  299  328  416  309  472  399  470  483  331  521  449  443  515  802  689  999  673  664  815  666  816  404  668  382  707  605  621  564  441  433  586  467  353  553  502  552  501  583  356  424  615  626  891  351  553  606  389  536  603  364  461  632  696  929  495  580  577  471  704  699  613  620  520  212  570  508  705  492  471  549  589  500  459  306  269  703  755  559  497  761  594  463  562  418  630  771  761  618  564  470  461  505  699  370  337  529  609  639  549  592  499  411  371  769  601  375  796  612  374  310  381  477  737  670  860  631  411  670  586  453  454  375  393  539  458  946  743  703  573  491  860  581  695  635  544  672  400  544  706  538  576  235  608  910  545  425  475  431  150  205   80  450  834  928  519  593  -22  484  461  385  682  440  551  650  205  153  248  227  359  477  149  360  660  384  410  359  298  278  337  437  389  409  360  586  460  543  423  625  557  572  354  909 1126  741  502  639  672  529  244  510  211  518  487  552  588  496  424  595  452  264  233  138  300  392  351  359  576  468  491  494  575  740  531  448  457  518  732  700  575  417  288  298 1240  694  388  359  380  180  168  420  523 1040  478  616 1095  742  338  108  556  573  362  502  516  566  390  443  675  378  601  698  713  472  635  456  475  563  637  665  346  353  416  320  401  422  398  235  486  581  825  996  524  614  518  273  287  303  437  492  387  393  557  424  487  580  430  517  392  312  570  297  360  228  541  377  378  421  427  630  566  887  626  526 1140  380  634  513  338  622  757  508  585  517  460  186  596  422  429  315  457  458  161  444  476  337 1067  866  762 1134  445  314  457  850  631  427  502  561  624  538  642  760  400  481  611  485  408  569  850  732  241  564  136  527  536  488  509  628  739  400  671  457  586  350  658  960  385  640  455  488  239  511  571  455  588  486  491  687  532  375  925  538  518  769  763  996  863  213  530  637  878  750  435  559  582  557  707  752  437  408  386  546  563  618  353  207  444  498  453  464  456  459  266  291  428  520  468  361  340  363  409  499  494  466  376  475  515  470  581  494  553  308  507  519  567  768  772  521  749  749  605  511  757 1002  417  713  738  554  477  265  622  627  436  326  334  501  571  564  696  427  514  499  350  376  707  773  505   63  269  569  738 1261 1874  310  641  346  294 1011  866  852  367  598  611  725  555  543 1111 1111  762  726  313  472  542  664  797  305  631  540  595  515  626  714  423  430 1270  591  742  594  594  742  561  505  550  585  470  518  767  481  452  692  614  566  602  560  403  522  677  488  404  406  324  369  267  730  314  326  543  468  721  575 1061  666  424  249  629  702  318  675  548  490  626  541  562  276  229  261  332  374  455  552  726  733 1062  424  358  800  971 1033  395  654  557  743  281  371  541  613  484  409  341  722  572  248  165  336  705 2009  517  395  368  413  387  200  220  406  530  269  197  386  546  351  402  536  399  821  728 1086  761  608  653  577  447  799 1014 1274  740  410  262  672  663  695  594  692  635  574  641  577  376  414  715 1006  972  597  267  554  646  533  522  533  144 1039  623
NP =20  503  514  490  490  503  522  477  518  371  371  503  409  477  217  117  103  117  103   78  117  463  484  355  193  527  501  117  463  484  217  117  193  292  217  355  446   78  117  355  495  484  446  117   66  193   66  292  490  490  446  477  446  292  217   66  512  490  519  501  103  501  503  490  477  477  217  217  292  371  217  371  371  386  171   66  292  217   66  292  463  217  117   78  446  193  292  103   66  117  117  463  409  502  171   78  117  171  217  103  103  512  451  502  446  171  477  292  371   78   66  292  482  386  472  371  409  171   66   66   78  292  355  512  514  489  292  371  482  482  477  355  409  171  477  446  477  292  117  292  193  508  514  490  521  526  514  521  477  489  103  217  292  508  463  463  501  500  501  517  371  171  446  507  495  217  451   66  446  489  292  446  463  490  514  511  518  502   78  446  524  371  171  409  409   66  292  292  446  508  512  521  451   78  117   78  117  292  409  292  171  502  518  502  451  409  484  501  171  193  217  217  217  117  292  512  511  117  217  495  292  507  495  217   78  193  117  193   49  386  511  514  371  409  500  171  193  514  103  371  386  117   78  217  292  501  171  217  117  482  217  193  171  292  292  171  472  501  371  502  511  409   78   66  386  193  484  371  525  463  484  514  517  500  103  371  409  103  489  495  489  193   66  171   78  117  409  117   66   78  409  117  103  446  371  446  446  217  292  446  103  171  371  482  495  103   66  217  517  527  477  193  217  103  409  193  292  217  508  386  371  511  484  193  482  371  508  522  446  409  502  489  477  507   78  502  103  510  117  511  371  103  103  171   78   78  117  171   78  502  511  472   66  472  518  502  527  217  409  371   66  171  371  409  103  117  446  503  446  489  463  103  446  409  484  495   66  355  217  510  484  463  171  217  503  477  512  484  472  502  103  117  477   66   66   66  103  103  409  477  193  501  451  409  446  386  463  193  484  446  371  495  446  371  522  446  477  463  292  514  477  355  451  514  501  446  193  103  292  409  501  117  386   78  477  409  526  495  451  103  171  409  451  463  292  502  489  409  217  217  103   66  451  502  517  117  193  477  217  484  500  477  528  503  409  495  409  463  518  171  171  292  103  371  103  463  371  193  446  524   78  502  477  521  518  472  490  355  472  446  451  409  477  508  514  472   66  292  217  103  103   78  117  193  103   49  171   78  217  472  502  355  463  502  484  490  386  511  171  502  519  522   78  501  508  446  511  517  446  355  495  193  193  355  371  490  495  103  171  446  386  409  451  495  511  484   78  103   66  472  446  409  355  409  519  193   66  117  355  371  103  103  514  451  117  484  482  463  409  117  463  524  507  472  193  217  355   78  501  511  477  355  355  501  171  446  292  501  463  446  502  524  292  514  489  501  117  451  502  519  409  463  355  371  522  463  409  489  451  371  409  409  451  477  484  371   66  171  477  495  386  495  477  500  472  103  217  371  409  217  103  451  463  371  117  292  446  472  386  217   66  117  217  451  217  217  171  386  371  371  451  117  103  371  472  117   78  484  409  501  355  503  477  371  292  446  472  472  386  451  386  512  371  446  292  463  217  193  171   49  103  409  484  484  171  463  451  117  171  371  519  484  495  511  451  217  193  217   66  292  355  193  171  117  292  472  446  514  451  217  500  355   66  292  386  451  446  490  477  500  292  522  477  490  451   66
