12    8   21   15   17    8   24    7   14   18   12   17    7   18   16   14   12   20   13   16   21   17   12   18   22   15   17   17   21   17   18   15   15   11   17   14   15   13   22   14   18    9   14   10   14   17   16   17   18   17   14   15   16   16   15   11   14   22   15   24   15   10   15   16   14   16   21   15   19   15   17   17
17   11   23   21   20   11   26    9   16   21   14   20    9   20   17   17   17   22   15   22   21   21   15   23   23   16   19   23   21   18   19   17   16   15   18   15   16   15   25   16   19   11   16   13   15   20   17   18   20   18   15   17   18   19   16   13   15   23   17   27   18   15   16   17   16   17   23   16   21   17   19   18
19   13   24   21   20   13   26   10   17   22   14   20    9   21   18   17   17   23   15   22   21   21   15   24   23   17   20   23   23   18   19   17   17   16   18   16   16   17   25   18   20   14   17   13   17   20   18   19   20   19   16   17   19   20   18   13   17   23   17   27   18   16   16   17   17   18   23   17   21   17   19   19
13    8   20   14   17    8   24    7   13   18   12   16    6   17   16   14   12   19   12   17   16   16    9   17   21   14   15   16   17   16   17   15   14   11   16   13   14   12   21   13   16    9   13    9   13   16   15   16   18   16   13   15   16   15   14    9   14   21   15   23   15   10   14   15   13   14   19   14   18   14   16   16
5    4   11    6    9    4   12    3    6    9    6    8    3    8    8    8    6    8    7    8   10    9    5    9   12    8    7    7    9    9    9    8    8    6    8    8    8    7   10    7    9    4    7    5    7    9    8    8   10    8    7    7    7    8    8    5    7   11    8   10    8    5    8    9    8    8   10    8   10    8    9    9
16   12   23   13   16    8   24    4   18   16   10   14    6   17   18   21   11   24   13   16   23   15   13   17   20   13   15   15   21   17   16   19   21   22   16   14   18   10   20   18   21    8   17   18   15   17   13   23   17   15   12   16   13   11   15   11   16   21   13   19   13   17   20   15   13   13   17   15   17   17   16   16
20   15   31   17   17   10   28   14   15   21   16   16    5   23   21   22   12   27   16   22   25   16   18   24   25   18   15   17   23   21   23   27   23   26   20   16   19   13   22   22   23   10   18   19   16   20   13   26   22   17   12   17   16   13   22   12   19   27   14   22   19   24   17   23   13   20   18   18   19   15   20   18
34   20   26   20   29   21   29   24   23   21   16   24    7   30   20   25   13   27   24   16   30   19   22   25   33   19   17   12   27   22   25   30   28   29   22   21   22   23   27   24   20   11   16   21   20   18   23   25   19   31   13   18   18   20   36   16   21   27   15   32   20   29   16   28   11   27   18   21   28   18   19   25
58   48   33   21   42   31   38   27   30   30   13   31    8   45   25   25   22   37   35   22   33   32   31   27   37   46   19   16   24   31   30   39   24   31   34   34   28   24   36   21   31   14   20   26   36   20   30   23   26   41   33   18   33   22   45   23   19   30   20   38   21   44   20   30   11   32   25   24   48   25   28   42
26   26   24   25   25   26   23   34   28   23   30   20   30   26   30   27   30   24   29   26   26   27   26   24   26   31   23   35   27   24   26   24   25   23   28   26   24   28   24   29   24   32   25   28   25   28   25   26   26   24   24   23   27   24   22   23   21   24   26   27   31   27   26   32    6   26   30   26   27   25   26   29
25   25   24   25   24   26   22   34   27   23   28   21   19   26   30   27   31   24   32   23   28   26   27   25   27   31   23   29   27   24   25   25   25   25   25   23   24   29   26   29   25   34   26   28   26   26   25   27   26   25   26   24   23   23   23   27   23   23   25   28   30   27   27   31    4   26   28   27   26   26   25   28
27    3  -19   19  -35  -29  -17  -58    7  -33  -35  -36  -21  -33  -34  -17  -48   -9  -33  -30   57  -30   -1  -28  -31  -55  -20  -48  -32    4  -43    0   11   33   -1  -43  -19  -49  -37   -4  -17  -37   -5   26   -7  -41  -40   -8  -37  -39  -42  -17  -47  -39  -38   -4   48  -15  -47   -1  -45   -8   -6  -46  -25  -11  -47   33  -55  -37  -45  -48
24  -39  -75  -12  -71  -98  -64  -60  -20 -107  -65  -93  -63  -82  -75  -53 -126  -34  -76  -82   -2  -70  -41  -36  -98 -143  -20  -61 -105  -73  -91  -48  -33  -18  -23 -114  -36 -115 -108   18  -45  -76  -61  -37  -82 -118 -107  -71 -125 -106 -128  -62  -96  -77  -97  -76  -18  -23 -137  -51 -125  -28  -62 -103  -97  -34 -107  -48 -118 -103 -135 -139
6   12   12   98   33   51   33   74   73   44  107   55   42   49  105   68   29   46   32   13  110   86   88   78   24   44   45   94   70   97   34   54   98   45   54   30   83   34   50   84   98   58   87   66   87    8   48   43   69   18   29   64   34   76   13   67  124  111    6  113   39   14   88   75   70   47   21  116   50   79   50   42
38   70   57  116   62   75   61   59  108   74  106  110   70   54   63  167   74   43   25   52  159  124  133  148   71   37  108   72   83   88   93  138  140  120   64   64  111   71   68   96   75   83   88  175   89   73   74   99   59   87   62   97   79  110   71   84  135   84   69  187  100   80   73  122   64  103   79  106   56   80   48   61
16   11   22   11   16    9   23    7   12   18   10   15    5   26   23   18   10   21   19   15   19   15   14   17   23   15   13   21   11   20   19   16   24   18   14   12   16   13   20   22   22   14   19   16   15   36   12   22   23   15    9   21   23   12   24   10   19   19   14   19   13   13   17   13   16   13   22   18   20   15   15   15
3    1    8    4    4    3    9    0    5    2    1    3    3    7    7    2    3    6    2    7    5    6    6    4    5    3    4    4    6    6    3    8    3    2   10    2    8    0    9    6    4    3    2    2    5   10    4    5    8    1    1    3    8    3    5    1    4    5    2   10    3    5    6    4    1    2   10    2    1    4    3    3
494  481  488  502  497  493  491  490  495  502  502  502  490  487  497  500  474  469  481  480  491  495  500  505  491  484  505  476  492  517  507  490  490  493  500  478  500  474  478  503  494  492  502  489  478  459  476  497  497  492  488  501  490  505  487  473  506  513  503  515  497  499  494  494  489  511  472  501  481  507  494  503
14   10   19   10   14    8   19    7    9   15    8   13    4   20   17   15    8   15   14   12   16   11   11   13   19   13   11   15   10   16   16   13   19   14   11   10   12    9   15   16   17   11   15   13   12   25    9   18   18   13    7   16   17    9   20    7   16   16   11   12   12   10   12   12   12   10   16   13   17   12   12   13
19   12   21   12   17   10   20   12   13   15    9   15    4   20   15   17    9   16   15   14   18   12   15   15   21   15   12   13   13   17   19   16   20   17   13   13   14   11   16   13   19   11   16   15   14   24   12   20   17   17    9   16   15   10   24    8   18   17   12   15   15   11   12   15   11   13   15   12   18   13   14   15
25   17   22   16   25   18   23   20   19   19    9   20    5   19   13   20   13   17   21   17   21   16   19   22   25   19   13   13   15   19   23   23   20   21   18   19   18   14   18   15   22    9   17   19   17   23   17   19   16   24   13   18   18   14   35    9   22   18   14   21   18   16   14   21   10   20   14   12   26   16   17   20
38   34   25   18   39   33   32   29   27   24   10   28    8   26   22   22   22   28   33   21   27   26   23   26   31   33   14   20   18   24   28   34   22   27   29   27   27   21   28   16   29   12   19   22   28   28   28   20   20   34   24   22   27   19   45   15   23   22   18   29   25   24   18   30    9   27   21   15   36   20   25   27
5   -5  -20    0   -2   -1   -5    6   21   23   -2   -8   56   -4   10   -5   13   -6    1    4    2    1    4    0    5    4   -2   22   18   -2    1   -2  -10   19   18   17    7   -1   -5   -7   11    3  -18    4    1    6    4  -10    2    2    0   15   10   12    9    5   -4    0    3  -11   25    4    6   -6   -3   -3   11   -8    1   10   13   -2
6    7   14   26   27   12    9   14   35   47   45   -4   60   24   16   13   38   17    8   12   17   13   -9   -8    9   18   34   32   17  -22    4   47   45    2   34   49   25    8   11   24   40    3    6   -2  -15   -3   17   21    3    7    9   36   22   51   24   16   23  -17   13  -11   35    5   14  -15  -18    0   33   17   -1   32   32    3
49   23   -5   16   40   32    8   39   15   -5   23   10   -1  -25   51    1   11   -3   -5   -5    1   13   21  -12   15   27    6   14   36    3    3    6   55  -14   48   28   42   16   23  -26   64   33    7   -1   -8  -15   13   12   28   24    7   13   20   28   57   -8   32   18   18  -14   -2    9   27   -4    6   11   -6    3   17   39   17    9
-3    1   24   10    0   -1   14   -7   12    4   14   14    0   16    3   11    7   20    0   18   15    8   15   28   12   -7   22    5   16    6    6   24    6   14   23    4   12    9   22   17    9    8    5    7    7    1   19   12    9    4    5    6   11   19   -9    4    7   24    8   42    5   22    7   13    4   10   28    1    2    8    1    4
35   47   58   53   40   42   55   28   56   54   48   53   48   52   48   53   53   55   32   57   54   43   52   50   48   34   52   47   55   38   46   52   54   50   48   54   51   52   51   53   50   46   50   50   49   50   60   56   32   51   52   51   45   52   24   46   48   52   49   55   50   53   39   47   49   53   43   54   32   52   53   40
155   39  330  327   58   81  314  -60  294  295  117  319  103  209  214  321  155   83  116  167  339  130  231  188  178   24  252 -110  275  157  126  235  270  227  149  155  230   89  207  300  190  170  212  124  123  -44  306  385  114  214  208  190   18  164   35   88  116  316  238  370  154  329   65  172  101  303  -69  262  -34  235  239  174
34   37   47   51   41   40   50   31   51   50   49   52   46   46   45   51   42   40   30   47   49   44   47   47   43   31   52   39   50   39   46   47   49   48   48   43   44   42   43   52   47   43   48   44   42   33   48   50   39   48   47   49   40   50   13   38   47   48   48   48   46   52   39   43   43   52   35   50   32   50   48   40
9999 9999 9999 9999 9999 9999 9999 9999 9999 9999 9999 9999 9999 9999 9999 9999 9999   52  182   21   13   74    3   16   82  135    3   68   -3   59   51   21   29   46   43   45   26   50   55   21   28   71   28   37   72   88    2   -9  120   47   27   24   71    1  197   70   11    0   19  -34   36   60   75   41   37    2  106    4  148   -5   19   66
1   47 4832    0   73    0  250    0    0 5594    0 8898    0 1570    0    0 1059 2575  208 1217 1613    0    0  440   47  316 6265  146 3030    0    0    0    0    0    0    0    0 1091  668    0 1161   16    0    0  740  354 2385    0    0    0  500    0   68    0  219 2951    0  245  230    0  156   19    0    0 1822    0  409    0    0    0  233    0
9999 9999 9999 9999 9999 9999 9999 9999 9999 9999 9999 9999 9999 9999 9999 9999 9999   14   19    9    6   16    3    4   12   18    2   13    6    9    7    7    5    6   11   11   11    9   10    2    6    9    5    9   10   13    7    3   16    8    7    3   12    4   23   11    3    4    6    3    7    7   10   10    7   10   18    3   23    2    5   10
52   20   65  413  413    0  164   80  290  221   97  190  327  413  327  289  327  289   51  413  327  289    0  413  289  253  327  368  368    0    0  253  253  368  163  116    0  289  327  327  368  138  327    0  368  368  138  221    0  413  253    0  221  221  116  327  368  163  221  289  190   51    0    0  253  368  163    0  289  368  368    0
545  385  645 1001 1108  306  664  127  787  811  887  994  539  707  453  722  455  564  232  677  774  166  675  789  404  209  995  538  653  123  729  566  399  551  650  494  516  421  387 1092  590  714  368  245  525  294  567 1028  300  509  583  648  617  887  244  481  402  941  869  978  270  836  282  141  397  917  516  228  209  658  516  657
