## station 20974 wind>14  Yes/DontKnow    SPRING 2015-2022 years
##  Number YES =  137
NP = 1   14   16   11   16   17    9    7    9    6   11   14   14   13   21   16   10   10   12   11   14   15   12   13   11   13   16   11    9   17   11   11   15    8   25   23   12   12   15   13   11   10   12   11   15   15    8    9   12   14   13   15   11   15   13   14   11   12   13   13   12   11   11   12   12    7   19   20    6   20   12   15   11   13   11   14   14   14   10   12   18   14   15   14   23   16   17   14   16   12   11   12    9    9   21   14    9   10   18   16   18   18   13   13   15   13   15   15   12   13   10   11   12   17   13   12    9   10   10    9   16   22   15   14   13   14   19   21   19   17   17   14   16   16   20   10   11   17
NP = 2   18   17   12   18   19   14   11   11    9   12   18   15   17   22   17   11   14   15   11   16   18   13   14   13   15   17   12   10   18   12   12   16   10   29   24   12   12   16   15   15   11   12   15   17   16   10   11   15   14   14   15   11   15   16   17   11   14   15   15   13   13   12   13   12   11   20   22    6   21   13   19   12   13   12   14   17   15   15   17   21   17   16   15   28   18   22   15   16   13   12   13   12   11   22   15   12   15   21   17   18   19   14   13   16   14   16   17   13   16   12   11   13   19   13   13   12   11   14   11   18   22   19   18   13   15   25   23   20   25   18   15   17   18   21   17   13   18
NP = 3 9999 9999 9999 9999 9999 9999 9999 9999 9999 9999 9999 9999 9999 9999 9999 9999 9999 9999 9999 9999 9999 9999 9999 9999 9999 9999 9999 9999 9999 9999 9999 9999 9999 9999 9999 9999 9999 9999 9999 9999 9999 9999 9999 9999 9999 9999 9999 9999 9999 9999 9999 9999 9999 9999 9999 9999 9999 9999 9999 9999 9999 9999 9999 9999 9999 9999 9999 9999 9999 9999 9999 9999 9999 9999 9999 9999 9999 9999 9999 9999 9999 9999 9999 9999 9999 9999 9999 9999 9999 9999 9999 9999 9999 9999 9999 9999 9999 9999 9999 9999 9999 9999 9999 9999 9999 9999 9999 9999 9999 9999 9999 9999 9999 9999 9999 9999 9999 9999 9999 9999 9999 9999 9999 9999 9999 9999 9999 9999 9999 9999 9999 9999 9999 9999 9999 9999 9999
NP = 4   14   14   10   15   17   10    8    9    6   11   13   13   13   19   15    9   10   11    9   13   14   11   12   11   13   15   10    8   16   10   10   14    7   25   22   11   11   13   13   12    9   11   12   15   14    8    9   11   13   12   13   10   13   14   14    9   10   12   12   11   11   10   12   10    8   18   19    5   17   12   15   10   12    9   12   13   13   11   11   17   14   14   12   24   15   18   13   14   11   10    9    9    8   20   13   10   10   16   15   16   17   13   12   15   12   13   15   12   12    9    9   11   16   12   12    9    8   10    9   15   19   16   15   11   13   20   20   17   19   17   13   14   16   19   11   11   16
NP = 5   11   12    9   12   13    7    4    6    5    8   11   10   10   16   12    7    8    9    9   11   11    9   10    9   10   12    8    5   13    8    8   11    6   19   14    9    9   11    9    7    8    9    9   11   11    7    7    9   10   10   11    9   11   10   11    8    9   10   10    9    9    8    9    9    4   14   14    4   16    9   11    9    9    9   11   10   10    7    9   14   10   10   10   16   13   13    9   12    9    8    8    7    5   16    9    6    8   12   12   11   13   10   10   11   10   11   12    9    9    7    8    9   13    9    9    7    8    7    7   12   16   10   10   10   11   14   17   11   13   13   10   10   12   11    7    9   13
NP = 6   20   15   15   24   25   12   11   10    8   10   20   16   12   21   15    6   13   13    8   19   18   11   13   16   22   18   10    7   15   10   10   14    9   28   22   12   13   16   16   15   12   11   17   21   16   10   11   13   13   17   16   11   14   22   21   12   13   20   13   10   13   12   12   14    9   17   18    4   22   11   20   10   12   14   16   22   15   18   18   23   16   15   16   27   17   28   15   16   12   13   15   14   14   23   13   11   17   19   18   17   16   11   11   13   16   19   14   11   14    9   10   13   19   13   11   12   11   14   11   20   23   16   18   11   14   25   21   14   14   15   14   14   19   16   15   11   18
NP = 7   13   16   13   18   27   12   10   13    8   11   17   21    9   18   14    6    6    8    6   17   14   12   11   16   21   20   13   11   14    9   10   12   10   25   22    9   11   14   16    9   14    8   14   20   19    6    9   15   14   16   14    7   14   12   13    9   15   23   13   10   13   11   13   16    5   15   18    6   21   11   17    9   14   12   15   19   18   16   15   21   16   18   13   27   19   22   15   19    9   13   15   14   20   16   13   10   14   21   20   12   16   13   13   17   16   21   13   13   16   11    7   11   15   14   12   14   11   12   12   12   20    8   15   11   12   25   20   13   17   14   13   20   18   17   15   12   16
NP = 8   10   11   13   18   29   13   11   15    8   14   17   31    9   22   15    8   10    2    3   17   10   14   12   18   18   26   19   14   10   12    8    9   14   24   22    9   10   11   16   15   14    7   12   17   16    7    7   17   17   15    9    9    9   11   11   12   21   32   11   13   17    7    9   18    5    9   18    7   11    8    9   10   15   13   13   17   22   14   15   25   23   20   15   27   25   20   16   18   11   14   17   18   18   12   14   13    9   26   23   10   17   11   12   11   18   22   14   17   22    9    6    8   16   17   13   16   12   15   10   13   10   12   12    9   15   19   22   19   15   11    9   28   17   20   11   15   16
NP = 9   16   12   17   23   26   12    9   11   16   11   22   28   13   20   15   11   13    5    6   20   11   16   17   22   23   43   33   30   11   16    8    8   33   33   28   11   14   16   14   23   14   10    3   14   23    9    9   17   26   14   16    7    6   10    7   33   26   39   15   19   26    9   10   30   19   18   16    9   13   10   16    9   21   18   11   24   29   13   14   35   37   11   24   32   39   22   21   23   12   20   17   23   27    7   21   22   15   31   28   14   13   11    7    7   25   23   16   30   28   15    6    6   18   18   14   17   10   21   12    7    9   23   13    8   24   21   32   26   24   12   17   38   29   36   12   20   13
NP =10   24   23   20   21   14   16   17   14   20   11   24   25   25   26   35   25   32   12    3   26   20   26   26   25   23   32    1   33    5    8    9   22   32   24    1    6    8    6   17   16    8    5   14    8    8    9    4   21   25   13   10    9    6   19   16   29   28   23   22   35   36    8   20    5   27   30   35   34   15   34   26    9    7   15    9   23   27   18   22   20   20   22   19   17   18   26   27   28   24   20   20   24   24    5   36   10   24   22   25   22   33   33    2   36   32   25   25   32   27   22   14    8   25   27   33   22   24   21   20   15   10   29   18    5   25   20   24   24   21   32   30   24   25   28   19   36    2
NP =11   28   23   20   23   14   14   16   14   30   13   31   25   28   26   30   30   32   27    5   26   21   21   29   27   23   33    2   33    6    9    8   23   31   24    3    6   11    6   16   17   10    5    6    5    8   13    5   20   26   13    9    5   36   17   20   32   27   23   22   31    2   18   20    5   34   23    3   35   21   27   20    9    6   16    6   26   28   17   21   20   19   21   18   24   16   26   27   29   23   21   22   25   23    6   36    8   30   22   27   21   33   32   35   36   33   25   25   32   28   22   14    3   30   28   33   23   23   23   20   27    7   29   21    6   26   24   23   24   25   33   35   25   26   29   20   35    1
NP =12   -3   74   76   26  -17  -20  -11  -30  -33   15   30   51   21   -4  -30  -13    1  -20  -31  -11    0  -23  -11   21   64  -24  -50  -13  -41  -44  -48  -31   13  -11  -29  -28  -23  -34  -13  -11    2  -18   59   67   -6   38   -7  -14  -44   79    2  -17  -45   31   49   35   80   24  -12  -21  -29   20  -29    4    9  -34  -39  -37   18   10  -29  -30  -57   -6  -28   33   11   17   87    6  -17  -33  -23  -19  -20    5  -30  -39  -36   -9  120   72   46   19  -48   10   87   56   23  -16  -28  -48  -41  -47   91   75  -10  -46  -14  -13  -42    4   41  -34  -49    5  -10  -19  -28   40   59   -3  -13  -55  -36  -24  -37  -41   -7  -39  -34  -10  -27  -35   63    7  -30
NP =13  -16   27   21   -4  -15  -77  -59  -52  -37  -13   19   42    9   47  -38  -20   14  -20  -37  -28  -32  -77    1   11   27  -39  -84  -54  -51  -53  -56  -17  -40    3  -71  -48  -40  -20  -48  -49  -22  -28   21   66   -2   32    0  -68  -59   23   -8  -27  -21   21   39   39  115  -12  -35  -61  -48   -1  -82    8    6  -15    5  -32    8   -8  -48  -79  -61  -60   -9    5  -11  -36   65   -2  -49  -66  -70   -1  -36   38  -50  -88  -46  -18   50   14   -8   12  -28  -55   76   56  -16  -41  -69  -41   -5   14   67   34  -56 -100   -6  -48  -43  -42    7  -84 -119   59  -59  -74  -80    0   70   25  -45  -70  -95  -37  -99 -106  -38  -80  -40    4  -90  -88   36  -22  -78
NP =14   13   12   19   22   14   15   16    6   21    6   23   30   31   14   15    9   13    8    4   12   22    5   16   22    9   14    7   16    8   14   16   17   10    5    7    7    3    1   10   19    6    4   18   19    4   14   10   16   13   18   12   10   14   16   10   27   41   14   24    4   12   17    6    3   20   20    6   11   27    3   12    4   12    8    7   34    5    9   44    9    1    8   11   22   22   35   20   14   12    4   14   15   14    2    4   11   21   18   23   11   26   10   13    5   29   20   20    7   18   21   16   11   25    5   11    1    5    5   14   30   43   44   23    4   11   19   12   11   18    4   11    6   10    6    7   18    7
NP =15 9999 9999 9999 9999 9999 9999 9999 9999 9999 9999 9999 9999 9999 9999 9999 9999 9999 9999 9999 9999 9999 9999 9999 9999 9999 9999 9999 9999 9999 9999 9999 9999 9999 9999 9999 9999 9999 9999 9999 9999 9999 9999 9999 9999 9999 9999 9999 9999 9999 9999 9999 9999 9999 9999 9999 9999 9999 9999 9999 9999 9999 9999 9999 9999 9999 9999 9999 9999 9999 9999 9999 9999 9999 9999 9999 9999 9999 9999 9999 9999 9999 9999 9999 9999 9999 9999 9999 9999 9999 9999 9999 9999 9999 9999 9999 9999 9999 9999 9999 9999 9999 9999 9999 9999 9999 9999 9999 9999 9999 9999 9999 9999 9999 9999 9999 9999 9999 9999 9999 9999 9999 9999 9999 9999 9999 9999 9999 9999 9999 9999 9999 9999 9999 9999 9999 9999 9999
NP =16 9999 9999 9999 9999 9999 9999 9999 9999 9999 9999 9999 9999 9999 9999 9999 9999 9999 9999 9999 9999 9999 9999 9999 9999 9999 9999 9999 9999 9999 9999 9999 9999 9999 9999 9999 9999 9999 9999 9999 9999 9999 9999 9999 9999 9999 9999 9999 9999 9999 9999 9999 9999 9999 9999 9999 9999 9999 9999 9999 9999 9999 9999 9999 9999 9999 9999 9999 9999 9999 9999 9999 9999 9999 9999 9999 9999 9999 9999 9999 9999 9999 9999 9999 9999 9999 9999 9999 9999 9999 9999 9999 9999 9999 9999 9999 9999 9999 9999 9999 9999 9999 9999 9999 9999 9999 9999 9999 9999 9999 9999 9999 9999 9999 9999 9999 9999 9999 9999 9999 9999 9999 9999 9999 9999 9999 9999 9999 9999 9999 9999 9999 9999 9999 9999 9999 9999 9999
NP =17    4    0    0    3    7    3    1    3    3    4    6    2    3    9    7    3    1    2    3    2    2    4    0    1    1   10    0    5    8    2    1    2    3    6   11    0    1    4    3    5    2    5    5    3    2    1    2    2    3    4    2    1    2    1    1    4    1    6    2    7    2    2    2    2    0    5    2    2    8    4    4    6    2    1    1   11    2    4    2    2    1    2    3   13    6   11    3    3    2    3    1    1    1    6    2    3    3    2    3    6    6    4    1    2    1    3    3    1    7    1    2    1    4    0    1    6    2    2    1    4    4    1    8    2    2   10    7    2    1    8    1    3    3    6    1    2    2
NP =18  476  478  476  478  480  471  471  469  472  468  485  490  474  490  480  482  486  483  478  464  466  459  475  494  496  478  463  472  461  465  465  476  480  487  478  476  480  482  449  453  452  453  465  461  456  471  469  470  470  475  468  466  468  494  494  463  482  474  460  462  463  475  462  454  465  464  457  461  479  474  478  473  470  482  487  467  465  468  486  485  480  472  470  491  486  492  471  468  472  485  504  498  494  490  484  480  483  482  474  471  464  458  455  450  478  485  474  464  475  474  475  479  490  474  460  497  477  476  459  472  476  476  477  465  463  475  461  455  470  462  479  484  464  466  493  483  474
NP =19 9999 9999 9999 9999 9999 9999 9999 9999 9999 9999 9999 9999 9999 9999 9999 9999 9999 9999 9999 9999 9999 9999 9999 9999 9999 9999 9999 9999 9999 9999 9999 9999 9999 9999 9999 9999 9999 9999 9999 9999 9999 9999 9999 9999 9999 9999 9999 9999 9999 9999 9999 9999 9999 9999 9999 9999 9999 9999 9999 9999 9999 9999 9999 9999 9999 9999 9999 9999 9999 9999 9999 9999 9999 9999 9999 9999 9999 9999 9999 9999 9999 9999 9999 9999 9999 9999 9999 9999 9999 9999 9999 9999 9999 9999 9999 9999 9999 9999 9999 9999 9999 9999 9999 9999 9999 9999 9999 9999 9999 9999 9999 9999 9999 9999 9999 9999 9999 9999 9999 9999 9999 9999 9999 9999 9999 9999 9999 9999 9999 9999 9999 9999 9999 9999 9999 9999 9999
NP =20 9999 9999 9999 9999 9999 9999 9999 9999 9999 9999 9999 9999 9999 9999 9999 9999 9999 9999 9999 9999 9999 9999 9999 9999 9999 9999 9999 9999 9999 9999 9999 9999 9999 9999 9999 9999 9999 9999 9999 9999 9999 9999 9999 9999 9999 9999 9999 9999 9999 9999 9999 9999 9999 9999 9999 9999 9999 9999 9999 9999 9999 9999 9999 9999 9999 9999 9999 9999 9999 9999 9999 9999 9999 9999 9999 9999 9999 9999 9999 9999 9999 9999 9999 9999 9999 9999 9999 9999 9999 9999 9999 9999 9999 9999 9999 9999 9999 9999 9999 9999 9999 9999 9999 9999 9999 9999 9999 9999 9999 9999 9999 9999 9999 9999 9999 9999 9999 9999 9999 9999 9999 9999 9999 9999 9999 9999 9999 9999 9999 9999 9999 9999 9999 9999 9999 9999 9999
NP =21 9999 9999 9999 9999 9999 9999 9999 9999 9999 9999 9999 9999 9999 9999 9999 9999 9999 9999 9999 9999 9999 9999 9999 9999 9999 9999 9999 9999 9999 9999 9999 9999 9999 9999 9999 9999 9999 9999 9999 9999 9999 9999 9999 9999 9999 9999 9999 9999 9999 9999 9999 9999 9999 9999 9999 9999 9999 9999 9999 9999 9999 9999 9999 9999 9999 9999 9999 9999 9999 9999 9999 9999 9999 9999 9999 9999 9999 9999 9999 9999 9999 9999 9999 9999 9999 9999 9999 9999 9999 9999 9999 9999 9999 9999 9999 9999 9999 9999 9999 9999 9999 9999 9999 9999 9999 9999 9999 9999 9999 9999 9999 9999 9999 9999 9999 9999 9999 9999 9999 9999 9999 9999 9999 9999 9999 9999 9999 9999 9999 9999 9999 9999 9999 9999 9999 9999 9999
NP =22 9999 9999 9999 9999 9999 9999 9999 9999 9999 9999 9999 9999 9999 9999 9999 9999 9999 9999 9999 9999 9999 9999 9999 9999 9999 9999 9999 9999 9999 9999 9999 9999 9999 9999 9999 9999 9999 9999 9999 9999 9999 9999 9999 9999 9999 9999 9999 9999 9999 9999 9999 9999 9999 9999 9999 9999 9999 9999 9999 9999 9999 9999 9999 9999 9999 9999 9999 9999 9999 9999 9999 9999 9999 9999 9999 9999 9999 9999 9999 9999 9999 9999 9999 9999 9999 9999 9999 9999 9999 9999 9999 9999 9999 9999 9999 9999 9999 9999 9999 9999 9999 9999 9999 9999 9999 9999 9999 9999 9999 9999 9999 9999 9999 9999 9999 9999 9999 9999 9999 9999 9999 9999 9999 9999 9999 9999 9999 9999 9999 9999 9999 9999 9999 9999 9999 9999 9999
NP =23   25   31   27   32   57    9    1   10    8   36    7   13  -16   15  -11   20    6   19   11   22   11   12    6    6   35   -1   -9   -5   17   15   15   16   10  -22   -9   15   12    9   19    1   18   12  -25   31   21   16    5    5    5   24   24   20   19    7    3   12    9   -5   11    2  -21   28    6   10   -1  -13  -35   -1   44    8   -7   24   13   41   34   17   -8   10   13   21   13   29   18   73    9   10    2  -19    8    7    4   15   -1   -7    8   28    7   14    1   13  -17   -4    1  -12   16   14  -23  -10  -25  -25   14   25   14    0   -9  -17   -5    1   15    6   24    6   19    8  -10   19  -10    3   -1   -5   32   -9   -1  -13  -26    2    7
NP =24    2   31   16   31   61   -2  -27    7    3   25    7   12  -23   10   10    4   -7    9    3   28   10   22    6   24   27    3    2  -24   28   21    6    8   25  -15    5   19   22   21   33    1   15   15   19   32   44   11   15    3   19   -5   14    6   36   -5  -20    1    6    6   12    5   -6   15   22   18    4   -9  -52    0  -35   14   -7   10   24   13   19   16    1   14   41   33   28   35   16   41    7   -2    3  -19    8    9   10   30   12   16   21   23    4   10    7   21  -19   -3   13   -1    7    5  -15   -8  -12   12   21   14   14    1   -8   -3   14   19   22  -24   14    6  -43   16   -6    0   -2   -2    2  -13   30   -7    5   -9  -18   13   18
NP =25   -1    2   -8   15   49   -9   -9   -7   11   46   11   27  -16    9   35   -1    1    2    6   46   -8   27    6   12   14  -12    7  -24   -3   19   13    1   22  -14   12    5    5   -5   12   -3   -2    2   37   16   -5    4   -1    4   17  -10    9   13   12   30   43    1   15   42  -10   32   -3   12    5   13   10    1  -35   -1   23   20   -1   16    6   16   -4   12    5   16    9   21   64   17   11   39   20  -20    3  -19   -2    6   14   29   11   40   18   13   -5   11   43   18  -12   12   14    9   -5   16    5    9   14   14   11   14   19   -4   -7   14   15    0   13   23   26   15   -4    0   -9    3   42    2    2    2   20   20   16   -9   16    7   21
NP =26 9999 9999 9999 9999 9999 9999 9999 9999 9999 9999 9999 9999 9999 9999 9999 9999 9999 9999 9999 9999 9999 9999 9999 9999 9999 9999 9999 9999 9999 9999 9999 9999 9999 9999 9999 9999 9999 9999 9999 9999 9999 9999 9999 9999 9999 9999 9999 9999 9999 9999 9999 9999 9999 9999 9999 9999 9999 9999 9999 9999 9999 9999 9999 9999 9999 9999 9999 9999 9999 9999 9999 9999 9999 9999 9999 9999 9999 9999 9999 9999 9999 9999 9999 9999 9999 9999 9999 9999 9999 9999 9999 9999 9999 9999 9999 9999 9999 9999 9999 9999 9999 9999 9999 9999 9999 9999 9999 9999 9999 9999 9999 9999 9999 9999 9999 9999 9999 9999 9999 9999 9999 9999 9999 9999 9999 9999 9999 9999 9999 9999 9999 9999 9999 9999 9999 9999 9999
NP =27   40   40   47   41   47   48   46   45   28   32   33   49   53   54   38   41   48   39   44   49   50   55   41   38   39   39   37   41   48   47   46   39   50   48   48   40   41   44   53   49   47   42   26   30   36   40   37   35   32   31   45   40   32   50   39   28   49   25   52   43   37   46   54   43   42   35   38   36   39   31   44   35   37   42   41   36   40   46   53   54   52   52   59   37   44   47   51   44   53   46   51   47   51   50   29   38   21   47   50   56   56   35   34   38   48   49   52   31   51   54   50   44   39   43   39   51   48   43   42   22   15   45   44   33   42   41   53   51   58   45   35   52   50   48   53   43   40
NP =28   85  -47  -54    8  113  -83  -44  -42   18  -32  166  194  168  266  -59   41  155   86 -165   18  -13   23   17  196  118  112  -20   66  -75  -67  -64  -10  -15  137  106  -40   70   43 -122 -115 -106 -194 -362 -307 -118  -46  -42  -70  -64  -46  -79 -206 -280  172  154  -83  128  -75  -55 -191  -39   57  -18 -113    2 -174  -11  -77  129 -263   75 -100 -112  106  -45   63  -32   23  136  268   60   49  174  206   50  222   61    8   29   64  235  158  170  206  -73   -7 -123   76  101   59   70 -174 -288 -159  135  118  110 -143  149   91  -54 -133  169    0  -78  232   -1   81  -58  -79 -344   85   96 -138  -14  116  -19  -44  265  -98   61  214   11  -28  256   13  -92
NP =29   31   31   36   35   38   35   37   36   23   28   33   43   42   49   34   36   45   32   36   37   38   37   34   40   36   36   27   33   36   32   32   33   37   40   39   36   38   40   33   33   31   28   15   21   23   27   25   29   24   26   33   26   26   48   39   14   42   23   36   31   27   34   38   28   29   28   27   27   35   26   32   29   30   35   38   26   30   35   46   47   39   40   44   38   38   46   40   34   40   38   48   41   42   46   25   31   28   39   40   41   40   25   16   24   41   42   43   19   42   42   41   33   37   35   27   50   38   36   28   24   25   32   37   25   28   36   35   36   44   33   26   46   38   35   49   36   27
NP =30 9999 9999 9999 9999 9999 9999 9999 9999 9999 9999 9999 9999 9999 9999 9999 9999 9999 9999 9999 9999 9999 9999 9999 9999 9999 9999 9999 9999 9999 9999 9999 9999 9999 9999 9999 9999 9999 9999  102  121  180  198  276  240  228  241  232  162  192  276  165  185  218  202  209  331  282  247  128  157  209  190   67  229  222  244  257  224  237  209  176  196  186  163  187  253  202  122  184  158  104   85   54  230  114  221   91   99   99  182  126  134  113  186  217  176  322  204  146   60   62  208  243  259  280  164  102  182  171   98  119  149  225  126  134  203  102  119  156  282  269  228  137  195  124  188   87   76   57  131  161  161   92   90  185  175  149
NP =31    0    0    0    0    0  138   98   51    9    0    0    0    0   31   83    0    0   15    0    0   17   82    0    0    0  112  109  134   86   21   23   13   19   94  192   73    0   51    0    0   23   56    0    0    0    5   11  201  153    0    0    0    0    0    0    0    3    0    0   12   21    0  209   44    0   84   43   52    0    0   57   23   30    0    0    0    0    0    0    0   33  143  179    0  266    2   56  168   21    0    0    0    0   19  150    0    0    0    0    0  229  150   83   53    0    0  153  161   12   20   16    0    0  302  293   12   19  160    9    0    0   13   23    0  455  301  626 1520   95  160  163   48   25  206    0   45  108
NP =32 9999 9999 9999 9999 9999 9999 9999 9999 9999 9999 9999 9999 9999 9999 9999 9999 9999 9999 9999 9999 9999 9999 9999 9999 9999 9999 9999 9999 9999 9999 9999 9999 9999 9999 9999 9999 9999 9999    9   10   11   13   17   15   16   13   17   18   19   19   11   13   17   11   15   25   11   21   11   14   17   12    8   13   15   21   15   17   19   16   19   19   16   17   14   18   16   12   11    8   11    9    6   23   14   18   10   11    9   13    3    7    5   10   17   19   18   13   10    8    8   17   17   16   14   13    8   19   16    7   12   12   14   14   15    3    9   13   15   22   19   17   17   17   15   19   14   11    9   15   19   14   12   16    4   13   16
NP =33  130    0    0    0  246  130   41   41   54   22    0   14  107  320   30   70  282  107  213  320  155   30   30  130    0   21   54   21  282   41   54   41    9   30   70   41   30  406    0  107  155   14    0    0   14    9   14   54   41    0   30   30   54  182    0    0  182   54  130   30   14    0   30    9  213   21   21   30  320    0   30   30   54  155    0    9    0   70  406  130  362   21   21  282   54  362   41   41   30  155    0    0  130   30   41    0    0  182  107    0   41   30   21   21  182   87   14   41   14   21   54    0    0   30   70  213   14   41   30    0   30  282  406    0   54  246   54  320   30   70   70   21   70  107  130   21   54
NP =34 9999 9999 9999 9999 9999 9999 9999 9999 9999 9999 9999 9999 9999 9999 9999 9999 9999 9999 9999 9999 9999 9999 9999 9999 9999 9999 9999 9999 9999 9999 9999 9999 9999 9999 9999 9999 9999 9999 9999 9999 9999 9999 9999 9999 9999 9999 9999 9999 9999 9999 9999 9999 9999 9999 9999 9999 9999 9999 9999 9999 9999 9999 9999 9999 9999 9999 9999 9999 9999 9999 9999 9999 9999 9999 9999 9999 9999 9999 9999 9999 9999 9999 9999 9999 9999 9999 9999 9999 9999 9999 9999 9999 9999 9999 9999 9999 9999 9999 9999 9999 9999 9999 9999 9999 9999 9999 9999 9999 9999 9999 9999 9999 9999 9999 9999 9999 9999 9999 9999 9999 9999 9999 9999 9999 9999 9999 9999 9999 9999 9999 9999 9999 9999 9999 9999 9999 9999
##  No definition =  344
NP = 1    8    7    9    5    5    9    6    9    9    8    4    2    5    4    5    3    4   11    9    5    6    6   14   11    8   13   13   10    8    7    8    7    8    8    5    6   11    5    7    3    3    5   11   13    8    7    5    8   15    5    4    5   10    9    6    7    7    8    8   16    3    9   10   11    9    6   12    7    8    7    8    9    8    6   10    9   11    6    5   11    8   14    9   10    8   13    7   12    6    3    6    6    7    6   10    8    7    7    4    7   10    9    6    8    9   11   11    7    6    8   11    9    9   10    9    5    4    7   10    7   11   10    2   10   19   20    7    9    8   11    7    6    5   12    9    2    8    9   11    9   12    6    8    6   13    6    7    9    6    4    6    4    8    8    7    5    9   11   10    9    9    5    7    7    8    2    4   12    8    5   13    8    3    6    3   12    9    8    9    4    5   10   11    8   10   10    8   11    2    2    5    4    7   11    7   11    8    9   17    9    7    5   10   10    5   11    7    5    9    8    7    9   10    9    9   11   11   11   14    4    5   13    3   13    2   11   10    8   14   10   11   13    6    6    7    8    8    5   11    8    8   11   12    7    8    6    7   10    6    5    5    9    6   10    8    6    9    7    9    6    7    6   12    5    4    7    5    5    6   10    7    5    8    8   10   10    8   10    7    5    9   10    6   11    4   13   11   10    9    6    4    3    4   10    5   11    8    9    8    5    8   11    6    7   14   10    8    1   10   12    8    5   13   10   12   10   11    4   11   12   16   13   10    5    8   11   11    8    9    6    4    4   12    7   13    7   10    7    3    4    3    3    7    3
NP = 2    9    8   10    8    7   14    9   11   10    9    5    3    8    8   10    6    5   12   11    6    6    7   15   14    9   15   14   14    9    8    9    8    9    9    6    8   15    7    8    4    4    6   13   15    9    8    5   11   17    9    5    7   10   11    7    7    8    9   11   16    7   11   10   12   10    7   13    8    8    8    9   10    9    7   11   11   12    7    8   14   13   14   11   11   11   15    7   13    6    5    7    9    8    7   14    8    7    7    7    9   11   10    6   10   11   13   12    9    6    8   12   10   10   12   11    6    4    9   11    8   11   10    5   13   20   21    9   10    9   11    8    6    9   12   10    4    9   10   13   10   13    8    9    8   14    7    8   11    7    4    6    5    9    9    8    5   10   12   12   11   10    5   10    8   11    9    4   13    9    6   13    9    6    6    4   12    9   10   10    5    7   12   12    9   10   11    8   11    3    5    7    4   13   12    9   11   10    9   19   13   10    5   10   11    6   11    7    7   10   12   10    9   11   11   10   12   11   11   15    5    5   14    6   14    3   11   10    8   15   11   13   14    7   10   10   12   10    7   13   10    9   14   13    8   10    6    9   13    9    9    9   10    7   11    9    8    9   11   11    8    9    8   14   10    9   11    9    5    7   13    8    6   11   10   12   12   10   10    8    7   11   12    7   12    7   13   13   11   11    7    6    4    5   13    7   12    9   10    8    6    9   14    7   10   15   10    9    6   14   13   10    9   14   11   14   11   12    6   12   13   18   15   14    9   12   12   12   13   10    7    9    8   12    8   13    9   10    9    5    4    5    4    7    4
NP = 3 9999 9999 9999 9999 9999 9999 9999 9999 9999 9999 9999 9999 9999 9999 9999 9999 9999 9999 9999 9999 9999 9999 9999 9999 9999 9999 9999 9999 9999 9999 9999 9999 9999 9999 9999 9999 9999 9999 9999 9999 9999 9999 9999 9999 9999 9999 9999 9999 9999 9999 9999 9999 9999 9999 9999 9999 9999 9999 9999 9999 9999 9999 9999 9999 9999 9999 9999 9999 9999 9999 9999 9999 9999 9999 9999 9999 9999 9999 9999 9999 9999 9999 9999 9999 9999 9999 9999 9999 9999 9999 9999 9999 9999 9999 9999 9999 9999 9999 9999 9999 9999 9999 9999 9999 9999 9999 9999 9999 9999 9999 9999 9999 9999 9999 9999 9999 9999 9999 9999 9999 9999 9999 9999 9999 9999 9999 9999 9999 9999 9999 9999 9999 9999 9999 9999 9999 9999 9999 9999 9999 9999 9999 9999 9999 9999 9999 9999 9999 9999 9999 9999 9999 9999 9999 9999 9999 9999 9999 9999 9999 9999 9999 9999 9999 9999 9999 9999 9999 9999 9999 9999 9999 9999 9999 9999 9999 9999 9999 9999 9999 9999 9999 9999 9999 9999 9999 9999 9999 9999 9999 9999 9999 9999 9999 9999 9999 9999 9999 9999 9999 9999 9999 9999 9999 9999 9999 9999 9999 9999 9999 9999 9999 9999 9999 9999 9999 9999 9999 9999 9999 9999 9999 9999 9999 9999 9999 9999 9999 9999 9999 9999 9999 9999 9999 9999 9999 9999 9999 9999 9999 9999 9999 9999 9999 9999 9999 9999 9999 9999 9999 9999 9999 9999 9999 9999 9999 9999 9999 9999 9999 9999 9999 9999 9999 9999 9999 9999 9999 9999 9999 9999 9999 9999 9999 9999 9999 9999 9999 9999 9999 9999 9999 9999 9999 9999 9999 9999 9999 9999 9999 9999 9999 9999 9999 9999 9999 9999 9999 9999 9999 9999 9999 9999 9999 9999 9999 9999 9999 9999 9999 9999 9999 9999 9999 9999 9999 9999 9999 9999 9999 9999 9999 9999 9999 9999 9999 9999 9999 9999 9999 9999 9999 9999 9999 9999 9999 9999 9999 9999 9999 9999 9999 9999 9999
NP = 4    7    6    8    6    4   10    6    8    8    7    3    1    5    5    5    3    4   11    8    5    4    5   11   10    7   11   12   11    7    6    8    7    8    7    4    6   12    4    5    2    2    4   11   13    7    6    4    8   13    5    3    4    9    8    5    6    7    7    8   14    3    9    9   11    8    5   10    6    6    6    7    9    8    5    9    9   10    5    6   12    8   13    8    9    7   13    5   11    5    3    5    6    7    6   11    7    6    6    4    6   10    8    5    7    9   10   10    6    5    7   10    9    9    9    8    4    3    6    9    6    9    9    2   11   17   18    6    8    7    9    6    5    5   10    8    1    8    8   10    9   11    5    7    6   12    5    7    9    5    3    5    4    7    6    6    3    8   10    9    8    8    4    7    6    8    3    3   11    7    4   12    8    3    5    2   10    8    8    8    3    4   10   11    8    8    9    7    9    2    2    5    4    9   11    7   10    8    8   16   10    7    4    9    9    5   10    5    4    9    9    7    7    8    9    8   10   10   10   12    3    3   12    3   12    2    8    9    6   13    9    9   11    5    6    6    9    7    5    9    8    7   11   11    7    7    5    7   10    5    5    6    7    5    9    7    5    7    7    9    6    7    6   11    7    6    7    6    4    4   10    6    5    8    8    8    8    8    8    6    5    9    8    6   10    5   11   11   10    9    5    4    2    3   10    5   11    7    8    7    4    7   10    6    7   13    9    6    3   10   11    8    5   12    9   11    9   10    4   10   11   15   12    9    5    8   10   10   10    8    5    5    4   10    6   11    7    9    6    3    3    3    3    5    2
NP = 5    6    5    6    3    4    6    5    7    7    5    3    1    3    3    3    2    3    9    7    4    4    3   10    8    7    9    9    7    6    5    6    4    6    7    4    5    9    4    5    2    1    4    8   10    5    5    3    6   11    4    3    3    7    6    5    5    5    5    6   10    2    7    8    8    6    4    9    5    6    5    6    7    6    5    8    7    9    4    4    9    6   10    7    8    6    9    4    9    4    3    5    5    5    4    8    6    5    5    3    5    8    6    4    6    7    8    8    5    4    6    9    7    7    8    6    4    2    6    8    5    8    6    2    8   14   12    4    7    6    8    5    4    4    9    7    1    6    7    9    7    9    4    5    4   10    4    5    7    4    2    4    2    6    6    5    3    7    9    7    7    7    3    4    4    6    1    3    9    5    4   10    5    2    4    2    8    7    6    7    3    4    8    9    5    7    7    5    8    1    1    4    2    5    8    5    8    6    7   13    6    4    4    8    7    3    9    6    4    7    6    5    7    7    7    6    9    8    9   10    3    4    9    2   10    1    8    7    6    9    7    8    9    4    4    5    4    6    4    8    6    6    8    9    5    6    4    5    8    3    4    4    7    4    8    6    4    7    5    7    4    5    4    9    4    3    5    3    4    5    8    5    4    6    6    8    8    6    8    5    4    7    7    5    8    4    9    9    8    7    4    3    2    3    8    3    8    6    6    5    3    7    8    4    5   11    7    5    1    8    8    5    2    9    7    8    8    8    3    8    9   12   10    7    4    6    7    7    6    7    4    3    3    9    5   10    5    8    6    2    2    2    2    5    2
NP = 6    8    8   11   11    1   12    8   13   11   13    6    2    9    6    8    2    3   14   10    4    4    4   14    6   11   15   12   10    5    6    7    5    6    7    4    4   17    6    8    3    2    4   10   14    6   10    4    6   15    4    2    4    6    9    7    6    5    7    8   15    5    8    9   10    7    4   13    6    6    7    8    8    7    5   10   12   11    6    7   16   11   15    9    8    9   17    6    9    4    4    6    9    8    5   14    5    5    6    3    5    9    8    4    8   10   11   11    6    5    7   11   10    8   11    6    4    2    4    8    4    9    8    2   12   25   22    6   11    7   12    9    6    7   15    8    2    6   10   14    9   12    6    7    7   11    4    7    9    7    5    6    8   10    6    5    4    6    8    8    8    7    2    7    4   11    1    2   11    5    4   12    7    2    4    2   11    8    8    8    2    5    9   10    6    8    8    6   11    2    2    6    2   14   10    7   10    8    9   18   13    9    4   10   11    5   10    5    4    5   10    7   10   12    9    7   10    9   12   20    4    3   11    2   13    1    7    7    9   11   10   11   12    8    8    9   14    8    6   10    7    7   11   12    6    6    3    7   11    7    7    4   10    6   10   10    5    9    9   10    9    9    6   12   13   13   14    8    5    4   11    6    7    7    9   14   10    3    8    9    5   10    7    6    9    7   16   10    9    9    5    3    2    3   14    4    9    8    9    6    4    8   15    4    9   11    8    4    2   11   14    7    2   10    8    9    8    9    4    9    9   15   12    8    3   10    8    8   15   13    5   11    6   12    7   11    4    9    8    3    3    2    4    9    4
NP = 7    8   10   13   13    4   11    7   13   11    9    7    2    7    6   10    4    4   10    8    5    6    4   22   11    9   16   11    8    6    3    8    7    8    5    4    2   12    5    5    2    2    5   12   15    9   13    6    8    9    6    2    7    9   10    7    7    9    6    8   25    5    9   10   14    8    5    9    6    6   10   12   10    9    5    8   15   12    5    6   11    9   14    7    8    7   14    9   11    4    5    8    9    8    8   13    3    6    8    3    5   10   12    6    5   10   11    9    7    3    4   11   12   13   11    8    4    4    2    5    1    5    8    4    9   14   22   11   16    8    9    9    9   12   11    4    3    6    9   11   11   14    6   11    7   10    6    7   14   10    8    6   10   11    5    4    6    4    6    8    6    6    3    6    6   10    2    4    8    3    5   10    5    2    4    3   12    6    6    5    2    6   10   11    7    4    6    7   11    1    3    9    6   10   10    5   11    9    9   15    8    6    3    9   11    5   11    5    6    5    8   11   10   10   10    8    6    5    6   20    2    5    9    3   13    6    3    7    7   13   14   14   14   10    9    9   12    7    5   12    7    8   11   11    9   11    7    7    8    5    6    4   10    6    9   10    8    8   13   12   11   12    9   12   10    9   10    9    2    4    7    5    7    6    9   13   12    7    4    8    7    9    7    4    6    8   17   11    9    9    4    3    3    2    8    6    9    7    8    7    6    5   12    4   11   10    9    4    3    5   12    9    5   10    7   11    7    7    3    7   14   15   13    8    5    8    8    9   10   15    7   12    6   11    9    6    6   11    8    6    2    4    6    9    6
NP = 8    9   16   19   18   13   11    9   14   16   12    7    2    7    6   12    6    6    8    7    6    4    5   29   13    7   16   17    9   10    4   11   12   11    5    5    6   11    6    3    7    5    7   19   23   16   17   11    2    5    5    5   10   15   13    9    9   13    6   13   25   11   13   10   13   10    7    9    7    7   12   15   12   13    6    9   15   18   10    5    7    9   11    6   12   11   10   11   12    7    5    8   13    7    6   16    8    8   10    4    6    9   12    9    4   11   14    7    5    4    4   10   11   15    8    8    4    6    4    3    4    6    8    4    6   12   18   14   17    7    9   12   16   15   11    5    3   10   11   11   11   12    7   15   13    9    5    6   21   16   14    8   11   13    7    7    6    5   11    9    9    5    6    6   11    9    2    5    5    4    3   12    3    3    2    4   11    5    2    1    3    5    8   11    6    3    6    5   11    6    5   11    9   10    5    6   13   10   12   12   10    7    3    6    7    5   13    8    7    4    6   14   11   11    7    3    4    8    7   19    7   11    4    4   18   14    6   16    5   14   12   16   19   14    5   11   16    8   10   13   10   11   11   15   13   13   11    5    5    4    2    8   11    7    4    9   11   17   15   18   16   13   11   13   11    8    9    9    8    9    9    6    7    4    5   16   18    9    3    6    7   13    9    9    4    7   20   13   12   11    8    5    4    1    5   18    7    8    7    8    5    9   12    4   10   11    9    7    3    6   15   13    4    7    9   16   11    6    3    5   19   14   14   10    8    8    9   20   14   17   10   10   13   13   13    3    5   12    6    9    5    7   10   12   11
NP = 9   12   18   27   28   24   13   14   24   27   24   11    4    8   10   16   13   12   11    8   10    3   14   21   17    9   15   30   18   11    8   31   20   17    3   15    9   12    7    6   13   11    9   21   31   23   24   19   11   11    7    8   12   21   25   15   12   26   11   16   29   17   34   12   13   16   11    7    8    7   15   18   14   17   13   12   18   34   23   13    9    7   14   20   15   15   10   14   20   15    7    5   17   11   10   20   14   14    9    8    8   10   11   18    7    7   21    6    6    5    6    7    9    9    8    5    7    9    8    9    6    6   10   10   18   10   18   23   30   12   12   28   30   18   12   11    6   17   14   19   13   11   18   26   21   13    7   14   28   30   25   11   11   12    8   12    9   13   19   13   12    8   14   15   11    9   13   10   12    6    8   15    4    2    6    7    9    6   11    6    4    5    8   14    7    8   10    6   16   13    5   15   19   16    4    8   17   10   20   10    9   10   21    5    8   20   20   14   21   14    6   12    8   12    6    3   13    9    7   17   30   28    9    9   26   19   10   19   12   18   23   20   26   24   11   16   19   20   12   11   12   18   13   14   17   22   18   11    6   13   29   18   24    9    6   12   18   26   23   20   20   17   16   20    2    2    8   11   15   15   20   10   11    7   15   20   16    7    7    7    9   11   13    8    9   12   38   11   12   17   11   11    9   15   22   29   11   11    9   15    9   16   21    9   12   17    9    7    7   22   21   26    4    6    8   19   14   12    4    8   28   17   21   17   11   17   13   37   18   18   17   14   13   23   21   13    6   14    7    9   19   17   23   19   14
NP =10   26   29   29   32   31   15   12   10    8   10    2   27   12   23   19    9   23   16    9    8    5   30   23   26   30   28   33   32   36   23   34   34   34    3    3   36   17   26    6   33   27    1   30   32    3   33   33   18   22   14   33   24   21   29   30    1   35   24   23   23   24   35    1   36    1   10    9    9    9    9    3    5    2   36   31   27   33   35   16   25   14    3    1    9   12   14    7    3    2    7   12    9    5   32   18   24   29   29   27   36    3    3    4   12   18   14    6    8    7    2    4   35    1   29   17   27   28   25   30   23   10    9   21   25   15   13    7    1    6    5   32   23   20   13    8   16    5   11   11    5   35   24   33   29   33   30   36    3    4    6    9   30   34   31    9    3   14    3    8   13   36   32   21   32   19   18   18    9   17    9    5   33   16   21   24   23   22   21   18   32   33    2    1   33   27   36   36   11    5    9   32   35   25    1    9    3    1    4   21   19   18    6    5    2    3    1    5   35   36   17   13   10    7    3    5   12   10   21   10   21   12    9    9   20   27   26   30   21   27   29   31   26   31   29   10   16   19   25   28   35    4   32   31   29   29   34   27   14   32   36    2    7    8   12   14   26   23   21   35   35   33   35    6   17   18   18   19   29   34   28    9   35   29   27   29   24   21   24   14   19   16   12   19    5   13   26   32   31   31   33   36   36   32   27   31   28   33   25   31   21   18   17   15   17    4    6    2    2   33   27   34   24   35   33    1   10   11   18   28   26   25   23   25   24   23   33   30   27   26   27   23   16   25   25   27   30    2    5   32   30   32    1    4    1
NP =11   29   30   29   31   32   14   12   10    8    8    4   30   16   23   20   10   23   22   14   12   12   25   23   26   34   29   32   32    1   26   32   33   33   27    2   36   23   32    2   34   29   34   30   32    4   34   33   29   25   10   34   24   20   29   31   36   36   28   27   22   22   34   35   36   35   10   14    9   11   11    3    5    2   36   31   24   34   34    1   27   12    1   36   10    9   14    5    2   36    1    5   10    5   35   26   23   25   30   29   25    4    4    3    5   23   14   10    9    8   36    2   33    1   31   18   32   28   28   32   22   15   11   15   29   19   15    9    1    2    3   32   22   22    9    7    5    5   14   12    6   35   26   33   30   29   26    5    4    4    5    8    4   35   29    9    3   35    3    7   14   34   32   26   30   20   19   22   18   10   36    5   36   14   24   24   23   20   29   24   28   33    5   35   34   29   35   34   12    4    4   34   36   28    9    7   36    3    3   23   18   16   32   11    1   35   36    2    2   35   16   13    6    3    3   15   18   11   12   11   18   14   18   12   20   27   24   28   26   27   26   26   27   30   33    6   17   13   24   32   36    5   34   30   28   29   31   29   32   32   35   36    4    1   33   18   27   25   21   36   35   33   34    6   33   36   18   24   30   34   29    6    1   34   36   31   25   21   23   15   23   15   13   15   29    3   23   35   31   32   33    1   35   34   33   32   23   31   21   34   23   18   18   13   16    1    5    1    2   33   26   33   21   32   33    2   11   14   18   27   27   25   22   26   23   29   35   31   28   27   27   19   20   25   25   24   24    1   36   32   28    1   36    3   36
NP =12   35   48   60   25  -38  -24    9   36   15   52   75   55   62   31   11  -31  -27   37   26  -26  -12    9  -10  -29   26   11  -46  -17  -28  -43  -30  -46  -46  -59  -52  -11   24   44  -43  -10  -30  -43   -8  -49  -49   -7   -2   -1   33  -25  -29   20   -2  -37  -25    1  -40  -15  -11  -10    5  -28  -53  -46  -48  -45  -40  -51  -50  -36  -41  -53  -51  -49  -16  -18  -49  -56  -33  -23  -26  -39  -41   -3  -11   10   -4  -24  -22    6   20   10   10  -33  -28  -42  -25  -15  -46  -28  -48  -50  -57  -34   24    1  -36  -44  -29  -37  -20  -13  -33  -18  -42  -45  -45  -43  -43  -38  -39  -38  -45    1   51  -29    5   10  -15   14    6  -19   -6   40   17  -26   -6   22   24    5    1  -20  -19   17  -38  -31  -26  -29  -29   10   31   48   23    0  -35  -33  -31  -45  -37   -5    5  -32  -32  -38  -17  -18  -31  -38  -42  -35  -36  -36  -36  -38  -43  -37  -42  -30  -14  -36  -43  -39  -44  -36    7   -9  -22   17   32   53   20  -11   32  -19  -33   -9  -22  -33  -28  -24  -19  -24   11   -5  -30  -29   -3  -13   -2   -5    5   33   11  -45  -43  -40  -40   -5    2  -26  -30  -14   -9    5   32   18   18   77   -9  -31  -10  -30  -12   13   57   69  -35  -22  -26  -43  -49  -52  -50  -38  -36  -48  -10  -16    5  -29    9    9  -46   -3   43   26   52   46  -36    8   27  -26  -41   63   85   85   42   22   42   58    1   38   50   39  106  -11  -19    3    9  -17    7   36  -39  -13  -24   11  -45  -48  -48  -49  -53  -56  -48  -23  -13  -39  -48  -48  -42  -44  -24   -8  -24  -23  -42  -47  -49  -51  -32  -24  -28  -36  -42  -42  -42  -47  -52  -49  -44  -46  -38  -35  -36  -32  -27  -45  -48    6   32   52   65   29  -17  -39  -30  -37  -35  -13  -14    1   10   17    1    5
NP =13   24   26   39  -17  -38  -65  -50    3   -3    0   59   36   34   60   29  -47  -80   20   11   -3  -36   -6   40  -33  -21   -3  -24  -22  -30  -12  -41  -41  -44  -33  -22    0   26   18  -49  -46  -52  -33  -43 -102   -5  -50   -9   -7   39  -24  -50   26    0  -88  -81  -48  -43    6  -27   24   -6  -43  -49  -80  -80  -83  -39  -45  -46  -57  -45  -63  -52  -42  -53  -26  -79  -70  -62  -45  -60  -38  -45  -53  -74  -41  -15   -8  -29    1   16   21   28  -47  -32  -43  -68  -70  -63  -82  -82  -86  -61  -19    6  -33  -23  -39  -45  -39  -21  -30  -49  -32  -61  -92 -101 -104  -70  -56  -46  -50  -69  -58   53   18    0   45  -18  -15    8  -67  -14   -7   32   26  -33  -12    3   15  -17  -65  -27    2  -34  -58  -25  -42  -40   -7  -20   13    6  -41  -74  -63  -42  -72  -52  -22    2  -27  -41  -16  -54  -56  -68  -64  -69  -97  -46  -72  -99  -73 -103  -81  -83  -75  -53  -91 -103  -35  -34  -38  -18   -8  -27    1   19   45    6   20   16   23   12  -14   -8  -63  -42  -42  -74  -66  -41  -37  -26  -40  -20  -30  -22  -28   -2   15    2  -15  -37  -34   -6  -37  -34  -69  -77    0  -34   -4   19    6   27   60  -10  -12  -47  -79  -39  -12   13   66  -96  -79  -83 -108  -79  -55  -61  -40  -66  -44  -19  -23   20  -42  -12  -25  -47  -67  -20   -6   20    1  -30  -30    1  -57   -5   63   77   98   32   18   51   54   38   45   27   22   82    1  -22  -44  -62  -46  -21  -12  -59   -5  -20  -48 -105 -114 -111 -116 -120  -89  -88  -51   -9  -82 -109 -113 -102 -108  -45  -39  -60  -72  -38  -60  -93  -86  -47  -61  -67  -55  -33  -67  -73  -69  -76  -66 -101  -86  -93 -101 -106 -102  -97  -97  -92   -2    8   36   24   27  -36  -20   -6  -89  -41  -31  -30  -14  -17    9  -13   -9
NP =14    6    7    6   11    9   10    6   15   11   19   29   28   31   18   50   13   13   11    7    9    6    8   18   13   12    6    9    9   12   26    5   15   23   10   10    6   35    2    8   15    4    1   35    2    8   10    6   20   28   12    6   34    9    6    3   26    3   18   20    6    7   10    4   11    9    5   15   11   17    7    9   10    8   14   13    6    3    7   21   11    7    5    3    1    6   12   11    2    7   13   24   16    9   13   22    2   10   16    5    3   10    8    7   15   39   16   15    8   12   11    7   18   31   21   21    3   10    9    1    6   11    2    6   25    6    5   14   17    7   11    3   18   18   14    6   15    5    3   15    6    5   16    5   37    9    5   11   13   16   19   22    3   17   16   16    8   16    1    2   19    1    9   19    7   17    9    3    7    9   11    2    5    9    5    5    6    4    7    5    2    1    9    1    3    5    1    2    7    7   23   11   11   47    7    8    2    8    8   17   18   13    9    5    4   22    3    8   19    5   20   24   24   10   13    3    9    4   11    5    5    8    6    2    9    9    3    5   11   33   41   26    8    7   18   34   46    8   12   14    6    6    7    8   18   17    9   30   20   32   16   28   14   14   12   21   17   22   29    1    3    7    4    6   31   27   46   23    2   14   20    5   15   21   14   20   15    5   13   23   25   25   27    7   12   22    6   13    1    7    7    5    3   14   37   17    4    6    7    7    8    2   12   20   19    7    2    3    8    8    6    5    3   31    8    7   11    6    5    3   42   14    3    8    8   30    1    6   29    2    9    5   17    3    6    3    2    9    2   11    1    3    2    1    5
NP =15 9999 9999 9999 9999 9999 9999 9999 9999 9999 9999 9999 9999 9999 9999 9999 9999 9999 9999 9999 9999 9999 9999 9999 9999 9999 9999 9999 9999 9999 9999 9999 9999 9999 9999 9999 9999 9999 9999 9999 9999 9999 9999 9999 9999 9999 9999 9999 9999 9999 9999 9999 9999 9999 9999 9999 9999 9999 9999 9999 9999 9999 9999 9999 9999 9999 9999 9999 9999 9999 9999 9999 9999 9999 9999 9999 9999 9999 9999 9999 9999 9999 9999 9999 9999 9999 9999 9999 9999 9999 9999 9999 9999 9999 9999 9999 9999 9999 9999 9999 9999 9999 9999 9999 9999 9999 9999 9999 9999 9999 9999 9999 9999 9999 9999 9999 9999 9999 9999 9999 9999 9999 9999 9999 9999 9999 9999 9999 9999 9999 9999 9999 9999 9999 9999 9999 9999 9999 9999 9999 9999 9999 9999 9999 9999 9999 9999 9999 9999 9999 9999 9999 9999 9999 9999 9999 9999 9999 9999 9999 9999 9999 9999 9999 9999 9999 9999 9999 9999 9999 9999 9999 9999 9999 9999 9999 9999 9999 9999 9999 9999 9999 9999 9999 9999 9999 9999 9999 9999 9999 9999 9999 9999 9999 9999 9999 9999 9999 9999 9999 9999 9999 9999 9999 9999 9999 9999 9999 9999 9999 9999 9999 9999 9999 9999 9999 9999 9999 9999 9999 9999 9999 9999 9999 9999 9999 9999 9999 9999 9999 9999 9999 9999 9999 9999 9999 9999 9999 9999 9999 9999 9999 9999 9999 9999 9999 9999 9999 9999 9999 9999 9999 9999 9999 9999 9999 9999 9999 9999 9999 9999 9999 9999 9999 9999 9999 9999 9999 9999 9999 9999 9999 9999 9999 9999 9999 9999 9999 9999 9999 9999 9999 9999 9999 9999 9999 9999 9999 9999 9999 9999 9999 9999 9999 9999 9999 9999 9999 9999 9999 9999 9999 9999 9999 9999 9999 9999 9999 9999 9999 9999 9999 9999 9999 9999 9999 9999 9999 9999 9999 9999 9999 9999 9999 9999 9999 9999 9999 9999 9999 9999 9999 9999 9999 9999 9999 9999 9999 9999 9999 9999 9999 9999 9999 9999
NP =16 9999 9999 9999 9999 9999 9999 9999 9999 9999 9999 9999 9999 9999 9999 9999 9999 9999 9999 9999 9999 9999 9999 9999 9999 9999 9999 9999 9999 9999 9999 9999 9999 9999 9999 9999 9999 9999 9999 9999 9999 9999 9999 9999 9999 9999 9999 9999 9999 9999 9999 9999 9999 9999 9999 9999 9999 9999 9999 9999 9999 9999 9999 9999 9999 9999 9999 9999 9999 9999 9999 9999 9999 9999 9999 9999 9999 9999 9999 9999 9999 9999 9999 9999 9999 9999 9999 9999 9999 9999 9999 9999 9999 9999 9999 9999 9999 9999 9999 9999 9999 9999 9999 9999 9999 9999 9999 9999 9999 9999 9999 9999 9999 9999 9999 9999 9999 9999 9999 9999 9999 9999 9999 9999 9999 9999 9999 9999 9999 9999 9999 9999 9999 9999 9999 9999 9999 9999 9999 9999 9999 9999 9999 9999 9999 9999 9999 9999 9999 9999 9999 9999 9999 9999 9999 9999 9999 9999 9999 9999 9999 9999 9999 9999 9999 9999 9999 9999 9999 9999 9999 9999 9999 9999 9999 9999 9999 9999 9999 9999 9999 9999 9999 9999 9999 9999 9999 9999 9999 9999 9999 9999 9999 9999 9999 9999 9999 9999 9999 9999 9999 9999 9999 9999 9999 9999 9999 9999 9999 9999 9999 9999 9999 9999 9999 9999 9999 9999 9999 9999 9999 9999 9999 9999 9999 9999 9999 9999 9999 9999 9999 9999 9999 9999 9999 9999 9999 9999 9999 9999 9999 9999 9999 9999 9999 9999 9999 9999 9999 9999 9999 9999 9999 9999 9999 9999 9999 9999 9999 9999 9999 9999 9999 9999 9999 9999 9999 9999 9999 9999 9999 9999 9999 9999 9999 9999 9999 9999 9999 9999 9999 9999 9999 9999 9999 9999 9999 9999 9999 9999 9999 9999 9999 9999 9999 9999 9999 9999 9999 9999 9999 9999 9999 9999 9999 9999 9999 9999 9999 9999 9999 9999 9999 9999 9999 9999 9999 9999 9999 9999 9999 9999 9999 9999 9999 9999 9999 9999 9999 9999 9999 9999 9999 9999 9999 9999 9999 9999 9999 9999 9999 9999 9999 9999 9999
NP =17    2    3    1    2    0    5    2    1    1    1    1    1    2    1    5    1    1    1    1    1    4    1    2    4    1    4    4    3    4    2    5    2    3    0    1    3    3    1    1    2    1    1    6    1    3    1    1    2    3    1    1    1    4    3    1    1    1    2    1    5    2    1    2    1    1    1    1    1    2    2    0    1    0    2    2    7    1    2    1    3    2    0    4    0    4    3    2    3    1    1    1    0    1    2    7    2    1    0    2    1    4    4    1    2    4    2    3    2    1    1    2    0    1    2    1    1    1    1    0    2    0    2    3    2    2    3    5    2    1    2    2    0    2    2    2    2    2    2    4    1    5    2    3    3    1    2    2    3    1    1    1    0    1    3    3    3    2    3    2    1    2    1    4    2    5    2    2    3    1    1    1    1    2    2    0    3    2    3    1    2    2    1    2    0    1    2    2    1    3    1    2    1    7    1    1    3    0    1    3    1    2    3    3    4    1    1    1    2    1    1    1    2    0    2    1    0    1    2    3    2    2    2    2    5    3    1    4    5    2    6    7    4    2    0    1    2    1    2    1    3    2    1    0    2    3    1    3    2    0    3    1    2    2    3    2    3    2    2    1    2    2    1    2    2    0    4    1    3    3    2    4    2    5    1    2    1    4    1    1    1    2    2    2    3    1    1    4    1    1    2    3    0    1    3    1    5    3    0    2    1    2    5    3    3    2    3    4    2    1    2    3    1    3    2    2    4    1    2    1    6    1    0    1    3    2    2    3    4    3    1    1    2    3    0    2    3    1    1    2    0    1    1    1    2
NP =18  479  479  482  474  472  468  469  468  466  469  472  473  476  476  476  467  464  475  472  469  466  469  489  481  486  487  479  474  476  478  478  475  477  476  480  485  486  488  480  483  480  481  470  457  464  467  466  466  474  470  467  470  470  455  460  461  467  477  484  491  485  475  466  465  459  456  472  470  470  469  469  469  467  474  480  482  477  482  483  481  478  479  479  454  448  449  457  456  453  458  463  465  469  467  472  470  463  458  459  455  456  455  460  466  469  471  462  463  464  465  466  464  459  465  464  464  463  465  471  471  474  473  472  484  497  494  453  453  447  446  449  464  472  474  470  465  459  461  462  461  461  459  462  471  460  453  456  467  467  466  465  470  471  465  469  470  469  461  460  465  471  469  471  471  476  474  475  475  471  473  476  473  473  478  477  461  459  461  461  457  454  457  454  452  455  453  448  450  456  459  457  457  477  461  463  460  462  458  464  462  456  464  467  467  476  470  476  481  483  482  483  482  480  475  474  477  478  480  479  483  480  486  484  471  465  465  463  473  470  464  463  457  461  472  474  477  467  463  466  467  469  476  476  473  472  467  469  470  476  484  487  484  478  479  490  487  500  489  484  485  486  482  483  462  462  462  463  468  475  475  453  455  461  466  484  476  471  471  471  475  477  476  473  480  481  481  470  463  462  461  464  469  473  483  491  478  469  468  473  477  480  483  460  457  469  462  460  460  471  471  471  471  466  460  467  465  465  466  463  462  458  455  453  452  463  465  473  488  487  488  489  486  480  481  482  474  480  481  481  486  488  491  487  485
NP =19 9999 9999 9999 9999 9999 9999 9999 9999 9999 9999 9999 9999 9999 9999 9999 9999 9999 9999 9999 9999 9999 9999 9999 9999 9999 9999 9999 9999 9999 9999 9999 9999 9999 9999 9999 9999 9999 9999 9999 9999 9999 9999 9999 9999 9999 9999 9999 9999 9999 9999 9999 9999 9999 9999 9999 9999 9999 9999 9999 9999 9999 9999 9999 9999 9999 9999 9999 9999 9999 9999 9999 9999 9999 9999 9999 9999 9999 9999 9999 9999 9999 9999 9999 9999 9999 9999 9999 9999 9999 9999 9999 9999 9999 9999 9999 9999 9999 9999 9999 9999 9999 9999 9999 9999 9999 9999 9999 9999 9999 9999 9999 9999 9999 9999 9999 9999 9999 9999 9999 9999 9999 9999 9999 9999 9999 9999 9999 9999 9999 9999 9999 9999 9999 9999 9999 9999 9999 9999 9999 9999 9999 9999 9999 9999 9999 9999 9999 9999 9999 9999 9999 9999 9999 9999 9999 9999 9999 9999 9999 9999 9999 9999 9999 9999 9999 9999 9999 9999 9999 9999 9999 9999 9999 9999 9999 9999 9999 9999 9999 9999 9999 9999 9999 9999 9999 9999 9999 9999 9999 9999 9999 9999 9999 9999 9999 9999 9999 9999 9999 9999 9999 9999 9999 9999 9999 9999 9999 9999 9999 9999 9999 9999 9999 9999 9999 9999 9999 9999 9999 9999 9999 9999 9999 9999 9999 9999 9999 9999 9999 9999 9999 9999 9999 9999 9999 9999 9999 9999 9999 9999 9999 9999 9999 9999 9999 9999 9999 9999 9999 9999 9999 9999 9999 9999 9999 9999 9999 9999 9999 9999 9999 9999 9999 9999 9999 9999 9999 9999 9999 9999 9999 9999 9999 9999 9999 9999 9999 9999 9999 9999 9999 9999 9999 9999 9999 9999 9999 9999 9999 9999 9999 9999 9999 9999 9999 9999 9999 9999 9999 9999 9999 9999 9999 9999 9999 9999 9999 9999 9999 9999 9999 9999 9999 9999 9999 9999 9999 9999 9999 9999 9999 9999 9999 9999 9999 9999 9999 9999 9999 9999 9999 9999 9999 9999 9999 9999 9999 9999 9999 9999 9999 9999 9999 9999
NP =20 9999 9999 9999 9999 9999 9999 9999 9999 9999 9999 9999 9999 9999 9999 9999 9999 9999 9999 9999 9999 9999 9999 9999 9999 9999 9999 9999 9999 9999 9999 9999 9999 9999 9999 9999 9999 9999 9999 9999 9999 9999 9999 9999 9999 9999 9999 9999 9999 9999 9999 9999 9999 9999 9999 9999 9999 9999 9999 9999 9999 9999 9999 9999 9999 9999 9999 9999 9999 9999 9999 9999 9999 9999 9999 9999 9999 9999 9999 9999 9999 9999 9999 9999 9999 9999 9999 9999 9999 9999 9999 9999 9999 9999 9999 9999 9999 9999 9999 9999 9999 9999 9999 9999 9999 9999 9999 9999 9999 9999 9999 9999 9999 9999 9999 9999 9999 9999 9999 9999 9999 9999 9999 9999 9999 9999 9999 9999 9999 9999 9999 9999 9999 9999 9999 9999 9999 9999 9999 9999 9999 9999 9999 9999 9999 9999 9999 9999 9999 9999 9999 9999 9999 9999 9999 9999 9999 9999 9999 9999 9999 9999 9999 9999 9999 9999 9999 9999 9999 9999 9999 9999 9999 9999 9999 9999 9999 9999 9999 9999 9999 9999 9999 9999 9999 9999 9999 9999 9999 9999 9999 9999 9999 9999 9999 9999 9999 9999 9999 9999 9999 9999 9999 9999 9999 9999 9999 9999 9999 9999 9999 9999 9999 9999 9999 9999 9999 9999 9999 9999 9999 9999 9999 9999 9999 9999 9999 9999 9999 9999 9999 9999 9999 9999 9999 9999 9999 9999 9999 9999 9999 9999 9999 9999 9999 9999 9999 9999 9999 9999 9999 9999 9999 9999 9999 9999 9999 9999 9999 9999 9999 9999 9999 9999 9999 9999 9999 9999 9999 9999 9999 9999 9999 9999 9999 9999 9999 9999 9999 9999 9999 9999 9999 9999 9999 9999 9999 9999 9999 9999 9999 9999 9999 9999 9999 9999 9999 9999 9999 9999 9999 9999 9999 9999 9999 9999 9999 9999 9999 9999 9999 9999 9999 9999 9999 9999 9999 9999 9999 9999 9999 9999 9999 9999 9999 9999 9999 9999 9999 9999 9999 9999 9999 9999 9999 9999 9999 9999 9999 9999 9999 9999 9999 9999 9999
NP =21 9999 9999 9999 9999 9999 9999 9999 9999 9999 9999 9999 9999 9999 9999 9999 9999 9999 9999 9999 9999 9999 9999 9999 9999 9999 9999 9999 9999 9999 9999 9999 9999 9999 9999 9999 9999 9999 9999 9999 9999 9999 9999 9999 9999 9999 9999 9999 9999 9999 9999 9999 9999 9999 9999 9999 9999 9999 9999 9999 9999 9999 9999 9999 9999 9999 9999 9999 9999 9999 9999 9999 9999 9999 9999 9999 9999 9999 9999 9999 9999 9999 9999 9999 9999 9999 9999 9999 9999 9999 9999 9999 9999 9999 9999 9999 9999 9999 9999 9999 9999 9999 9999 9999 9999 9999 9999 9999 9999 9999 9999 9999 9999 9999 9999 9999 9999 9999 9999 9999 9999 9999 9999 9999 9999 9999 9999 9999 9999 9999 9999 9999 9999 9999 9999 9999 9999 9999 9999 9999 9999 9999 9999 9999 9999 9999 9999 9999 9999 9999 9999 9999 9999 9999 9999 9999 9999 9999 9999 9999 9999 9999 9999 9999 9999 9999 9999 9999 9999 9999 9999 9999 9999 9999 9999 9999 9999 9999 9999 9999 9999 9999 9999 9999 9999 9999 9999 9999 9999 9999 9999 9999 9999 9999 9999 9999 9999 9999 9999 9999 9999 9999 9999 9999 9999 9999 9999 9999 9999 9999 9999 9999 9999 9999 9999 9999 9999 9999 9999 9999 9999 9999 9999 9999 9999 9999 9999 9999 9999 9999 9999 9999 9999 9999 9999 9999 9999 9999 9999 9999 9999 9999 9999 9999 9999 9999 9999 9999 9999 9999 9999 9999 9999 9999 9999 9999 9999 9999 9999 9999 9999 9999 9999 9999 9999 9999 9999 9999 9999 9999 9999 9999 9999 9999 9999 9999 9999 9999 9999 9999 9999 9999 9999 9999 9999 9999 9999 9999 9999 9999 9999 9999 9999 9999 9999 9999 9999 9999 9999 9999 9999 9999 9999 9999 9999 9999 9999 9999 9999 9999 9999 9999 9999 9999 9999 9999 9999 9999 9999 9999 9999 9999 9999 9999 9999 9999 9999 9999 9999 9999 9999 9999 9999 9999 9999 9999 9999 9999 9999 9999 9999 9999 9999 9999 9999
NP =22 9999 9999 9999 9999 9999 9999 9999 9999 9999 9999 9999 9999 9999 9999 9999 9999 9999 9999 9999 9999 9999 9999 9999 9999 9999 9999 9999 9999 9999 9999 9999 9999 9999 9999 9999 9999 9999 9999 9999 9999 9999 9999 9999 9999 9999 9999 9999 9999 9999 9999 9999 9999 9999 9999 9999 9999 9999 9999 9999 9999 9999 9999 9999 9999 9999 9999 9999 9999 9999 9999 9999 9999 9999 9999 9999 9999 9999 9999 9999 9999 9999 9999 9999 9999 9999 9999 9999 9999 9999 9999 9999 9999 9999 9999 9999 9999 9999 9999 9999 9999 9999 9999 9999 9999 9999 9999 9999 9999 9999 9999 9999 9999 9999 9999 9999 9999 9999 9999 9999 9999 9999 9999 9999 9999 9999 9999 9999 9999 9999 9999 9999 9999 9999 9999 9999 9999 9999 9999 9999 9999 9999 9999 9999 9999 9999 9999 9999 9999 9999 9999 9999 9999 9999 9999 9999 9999 9999 9999 9999 9999 9999 9999 9999 9999 9999 9999 9999 9999 9999 9999 9999 9999 9999 9999 9999 9999 9999 9999 9999 9999 9999 9999 9999 9999 9999 9999 9999 9999 9999 9999 9999 9999 9999 9999 9999 9999 9999 9999 9999 9999 9999 9999 9999 9999 9999 9999 9999 9999 9999 9999 9999 9999 9999 9999 9999 9999 9999 9999 9999 9999 9999 9999 9999 9999 9999 9999 9999 9999 9999 9999 9999 9999 9999 9999 9999 9999 9999 9999 9999 9999 9999 9999 9999 9999 9999 9999 9999 9999 9999 9999 9999 9999 9999 9999 9999 9999 9999 9999 9999 9999 9999 9999 9999 9999 9999 9999 9999 9999 9999 9999 9999 9999 9999 9999 9999 9999 9999 9999 9999 9999 9999 9999 9999 9999 9999 9999 9999 9999 9999 9999 9999 9999 9999 9999 9999 9999 9999 9999 9999 9999 9999 9999 9999 9999 9999 9999 9999 9999 9999 9999 9999 9999 9999 9999 9999 9999 9999 9999 9999 9999 9999 9999 9999 9999 9999 9999 9999 9999 9999 9999 9999 9999 9999 9999 9999 9999 9999 9999 9999 9999 9999 9999 9999 9999
NP =23    4    0   -6   16    3   16   16   11   30   10   10   11   -5    5   13   14   14   30   17   16   15   13  -21   17    2  -10   12    9    2    4    7    9   13    8    9   10    0   -3   10    3    4    9   -9   -7    4   -7    5    0  -19    8   12   16    6  -10  -12    5   -1   -2   -9    9    8   14    3   -2   -3   16   22    7   10   13    5    5    0    0   14  -16   -5    3    7   -7   17   15    9    8    4   21   10    4    1    3    7   19   11   -5   10   10    1   -3   14    9   10    5   10    6   -6   15   12   10    8   11   11    4   -1    4    9    1    9   21    7    6   15   11   19    7   18   39   10   -5   -2   15  -14    9    8   37    7    5    5   15   25   -1  -15   17   -2    8   -3    1    5    0    4   10   13    8  -17    6   26    6    6   17   24   25    6    7   20    5   -2    5   21    5   17   14    2    1   18   15    7    0    4   18   11   -4   -2   -8  -12   -2    6    8    2    9    5    6   -1   10    8  -11    3    5   -8    0   22   10   21   16    7   -7   13    0    6    4    8   -1   -8    4   27   13   12    4    3   19   25   13    6    8    3   -1   11   13   10   10   -3    8   14  -11    1    0  -20    1   22    7  -12   -6    4   -1   -4    1   -2   15   11   12   10    9    6    3    2   31   11    9    9   16   -4  -15   -6    5   12   -1   -5  -10    9   19    9    0    5    4    9    8   -2  -10    6   12    8    7    0    2    8   21    8   -7   -6   -8  -10    2    4    6   11   -4    6   -4    2   11    0    5   12   32   12   14   16   -5    5    1   17   -6    5   15  -10    5  -13   35   15    4   17    1    6   -1   -3  -11    6   -6    1  -15  -13    4    9    6    2   33   21    1   10   18    8   12    5    6   14    2
NP =24   11    3    6   10    0   -2   13   -8    9    4   11   14  -10   17  -12    7   11    1    7   19    7   14  -10   20   21    9   26   19    6   13   15   12   15    5   12    8   -5    3    4    5    6    8   -8  -12   11    5    3   14   -4    1    5    4   10  -12   -2   10    5    3    1   21   12   22   11    4   -1    3   15    7    7    3   11    9    2    2    0  -12   -8    5   14   -5   -4   19   13    5    1   21   16   16    0    2   18    5    7    0    8    7    9    1    9    7   12   14    9    8    9    4    6    6    8    9   23   13    9    6   10    3    8   28   16    5   14    9   14   12  -24    4   11    0   10   14    0   10   11   36   12    4    5    5   27   14   -8    9    0    5   19    5    7    6    4   11    9   14   -2    8   16   12    8    7   27   36    7    4   11   14  -14    9   15   14   18   28   15   11   18   11    5   16    2    8    3   -3   -7   -1    1    3    7    6    5    8    9    6    3    9    8    4    8   13    6   17    1    9    2   17   12    6    7    7    6    0    9   11   25    9    9   16   13   12    5   15    0   15   11   25    6    7   11    5   17   12   13   20   20  -10   13    8   23   -2   38   11   -2   -1   16    6   -6   11    9   25   13   20   15   21   11    8   23   13   13   17   16   38   -3   -3    2    5   13   -9    1   -8    5    6   14    0    6    3    3    7    2    0    4    2   22   16    8   17   19   13   11  -11   -6   -4   -5    6    7    8    7   -1    3    2    2   11    5   11   20    7    5   18   17    3    2   16   15    7   20    9    1    7    0    5    2    2   -1   10    5    4    4  -13    6   -2   14  -13    6   10   11    6    7   22    5   12   28    5   12   17   17    7    8    3
NP =25    3    9   10   35    7   28   22   10    6   25   13   14    1   22   34    8    2   16   17   18   11   14   18   22   15   10   29   22   14   10   28    9   16    3   11   10   21    5   10    9    5   13   -1   -5   14    7    2    1    0    0   15    1   15  -11    5    5   14    5    4   19    3   25   -1    8   -4    3   13    5    5    6    5    7   -6    3   -2   12    6   11    8    7    9    6   18   -8   33   25   31    5    1    7   16   21    6   11    1   10    9    3    2    5   10   20   12    8   15   24    3    5    9   12    8   12    7    7   12    1    2    1   13    3    7    5    6   16   25  -20    9    1   13   16    1    4    4   31    0    4   -3    9   10   12   12    5   12    0   35    4    6    1   -1   17    8   13    7   16   16    6    1   -2   13   54   12    1    8   18   -1    8    6    5   15   20   -5    5    7    9   13   16    0   -1    5   -3    2   12   11    3    0    8    0    3    8    8    6    7  -24   15    7    5   -1   15   13   22   17   23   -1   13   14    3   11    6   19    6   11   22    6    3    9   20    3   14   14   34   25   13   20    8   -3    7   29   24   35   22   12    7   12   14   27   14    8   28    3    7   16    4   15    5   11   23    9    7   18   23   10   33   12    9   14   23   15   13   11   16    4   19  -11   19    4   11   -2   15   24    6    8   -4    3    5    5   10    0    6    6   13   22    8   14   17   15   24   12    1   -4   -1    4    4    4   -2   17   10    8    6    4    8   22    4   11   22    5   -1    8   10   15    4   50    7    5    7    4    1   15    2   -1    4   18   36   15   -9   11   10    8  -10   20    7   22   17   24   17    9   12   29   10   11    7   24    7   19    9
NP =26 9999 9999 9999 9999 9999 9999 9999 9999 9999 9999 9999 9999 9999 9999 9999 9999 9999 9999 9999 9999 9999 9999 9999 9999 9999 9999 9999 9999 9999 9999 9999 9999 9999 9999 9999 9999 9999 9999 9999 9999 9999 9999 9999 9999 9999 9999 9999 9999 9999 9999 9999 9999 9999 9999 9999 9999 9999 9999 9999 9999 9999 9999 9999 9999 9999 9999 9999 9999 9999 9999 9999 9999 9999 9999 9999 9999 9999 9999 9999 9999 9999 9999 9999 9999 9999 9999 9999 9999 9999 9999 9999 9999 9999 9999 9999 9999 9999 9999 9999 9999 9999 9999 9999 9999 9999 9999 9999 9999 9999 9999 9999 9999 9999 9999 9999 9999 9999 9999 9999 9999 9999 9999 9999 9999 9999 9999 9999 9999 9999 9999 9999 9999 9999 9999 9999 9999 9999 9999 9999 9999 9999 9999 9999 9999 9999 9999 9999 9999 9999 9999 9999 9999 9999 9999 9999 9999 9999 9999 9999 9999 9999 9999 9999 9999 9999 9999 9999 9999 9999 9999 9999 9999 9999 9999 9999 9999 9999 9999 9999 9999 9999 9999 9999 9999 9999 9999 9999 9999 9999 9999 9999 9999 9999 9999 9999 9999 9999 9999 9999 9999 9999 9999 9999 9999 9999 9999 9999 9999 9999 9999 9999 9999 9999 9999 9999 9999 9999 9999 9999 9999 9999 9999 9999 9999 9999 9999 9999 9999 9999 9999 9999 9999 9999 9999 9999 9999 9999 9999 9999 9999 9999 9999 9999 9999 9999 9999 9999 9999 9999 9999 9999 9999 9999 9999 9999 9999 9999 9999 9999 9999 9999 9999 9999 9999 9999 9999 9999 9999 9999 9999 9999 9999 9999 9999 9999 9999 9999 9999 9999 9999 9999 9999 9999 9999 9999 9999 9999 9999 9999 9999 9999 9999 9999 9999 9999 9999 9999 9999 9999 9999 9999 9999 9999 9999 9999 9999 9999 9999 9999 9999 9999 9999 9999 9999 9999 9999 9999 9999 9999 9999 9999 9999 9999 9999 9999 9999 9999 9999 9999 9999 9999 9999 9999 9999 9999 9999 9999 9999 9999 9999 9999 9999 9999 9999
NP =27   38   40   42   39   40   49   44   38   37   35   31   27   29   38   42   45   42   39   44   35   47   34   47   41   33   46   31   20   48   40   46   29   29   29   28   32   21   46   36   30   36   40   52   32   30   29   14   27   48   45   38   49   48   47   41   43   41   46   33   44   33   38   31   33   36   38   39   41   43   42   38   39   40   33   43   53   35   24   24   48   47   38   33   45   44   51   37   32   35   35   33   30   35   35   27   39   40   39   36   43   36   40   32   26   25   44   46   40   39   39   31   39   48   56   49   43   40   41   33   35   42   39   39   37   45   41   34   35   29   28   24   29   44   39   38   42   44   43   48   52   44   52   38   47   38   41   44   38   39   34   37   28   41   56   44   35   38   39   42   42   35   35   41   43   47   51   45   35   44   39   45   45   39   38   35   49   50   47   51   44   45   51   49   45   45   42   42   44   35   35   42   37   43   45   45   44   46   36   41   47   50   42   43   42   37   41   37   24   35   33   26   39   40   43   36   32   48   46   47   30   30   48   44   38   45   51   44   37   52   46   46   48   43   26   21   40   49   52   39   35   32   25   31   28   35   38   37   28   35   31   27   34   41   40   36   39   43   51   42   44   39   37   40   19   23   52   48   40   25   37   41   45   37   31   47   50   50   44   48   51   41   49   40   36   21   46   40   41   40   43   39   35   26   27   35   30   39   38   32   28   43   48   45   41   33   40   38   42   28   53   48   43   38   40   31   32   34   33   41   37   49   55   51   59   41   39   22   50   53   48   53   51   48   31   31   39   30   35   24   26   30   25   26   35
NP =28   56   27   13  -28  -44  -71  -29 -115 -140 -161 -100 -197 -179  -46   50   17  -81  -31   20 -117   -1 -220  110  -88    5  108 -153 -143  -62   59  -40 -155  -67 -104 -127  -24  -82  116 -175  -58 -134 -131   69 -129 -175  -78 -352 -147   94 -196  -27   20  -47  -61  -94 -135  -89   96   91  160 -112 -131 -209  -65 -180 -200  -50 -131 -105 -102 -125  -74  -89  -46   65   60  -14 -159 -137  126  -15 -113 -137 -105 -266  -97 -258 -219 -316 -324 -282 -146 -166  -46   68 -178 -276 -141 -124 -291 -202 -137 -210 -327  -49    7  -52 -164 -175 -252 -265 -202  -33  118  -95  -19  -85  -24 -278  -62   22   -1 -184  125  201  187 -158 -159 -377 -374 -192 -157   37 -100  -86 -255 -137  -79  -54   20 -108    9 -106   82 -231 -293  -65  -27  -47 -175 -217 -100    5  117 -149  -20   -8 -157 -157  -48 -291 -101   73 -102   67    7   50   54  -23 -132    7   13 -115   35   32 -126 -171  -48  -61 -204 -109   -6 -139 -146 -113 -267 -275  -91 -316 -272 -117 -190  111  -20  -60 -166  -44 -153  -20  -80  -97 -233   10  -83 -100  -95 -118    7   80  -90 -183 -171 -125  -55   -6  -56   70   48   97  -37  -39  185  102  -71 -155   16 -245   12   94 -135 -112  -52  -78 -131 -322   30 -196 -131   13  -74 -142 -102 -118 -208 -144 -160 -150 -241   12  -66 -155 -115 -157  -57   64  -67  265  151   92   81   -2  -33   22 -307 -392  -30   -1 -176 -292  -35 -162 -123  -62  -40   26   34  -15   20   20  109  -43  -33 -234 -205 -338  -10    9 -129  -81  -96  -38 -150 -156  124  155 -201  -60  -71   43    4  125  131 -227 -196 -213  -93 -174  -50  -41  104  -48 -169 -101 -112  -58  -73  -41  -50  -83  -55  -33   44  -82   -6  -14  -48 -109  188  204  141  149  142   36 -166  -61 -131 -177 -222 -203  -24    8  -76 -149   14
NP =29   35   33   36   31   32   38   33   26   26   24   25   23   26   28   37   35   30   35   32   28   32   28   42   34   33   39   27   26   36   36   37   26   23   27   27   31   28   41   31   28   34   34   39   21   22   19   17   22   39   36   26   39   38   33   30   30   31   38   27   39   33   27   24   22   26   25   23   34   33   32   31   31   33   28   34   42   28   21   16   38   39   32   28   31   26   32   24   24   21   22   22   23   26   23   25   32   27   27   26   30   24   27   21   20   15   37   34   29   30   30   25   27   34   40   36   32   30   31   25   28   35   34   33   33   45   42   22   25   16   14   14   25   34   27   28   31   27   33   37   37   30   36   27   38   27   27   30   31   32   26   28   28   34   41   32   22   31   29   30   33   30   31   34   36   40   40   33   29   35   29   38   36   25   29   25   35   35   30   34   30   29   35   32   29   29   28   26   30   24   24   30   26   37   31   33   32   34   25   32   35   35   29   34   33   29   30   30   20   33   32   30   35   33   36   28   26   40   40   42   22   27   43   39   30   36   33   28   27   40   34   33   34   33   24   20   32   37   39   27   25   26   25   19   23   27   30   30   29   29   25   21   28   34   30   33   30   46   45   38   41   34   34   37   20   21   37   36   26   25   33   27   29   25   21   38   41   39   33   35   36   33   41   34   26   19   39   31   29   30   31   27   27   19   29   36   28   29   30   27   24   36   39   32   27   21   30   28   31   21   40   34   34   30   30   26   25   24   23   30   19   36   38   35   39   26   29   19   46   47   42   47   46   39   27   26   32   26   30   23   25   33   30   24   36
NP =30 9999 9999 9999 9999 9999 9999 9999 9999 9999 9999 9999 9999 9999 9999 9999 9999 9999 9999 9999 9999 9999 9999 9999 9999 9999 9999 9999 9999 9999 9999 9999 9999 9999 9999 9999 9999 9999 9999 9999 9999 9999 9999 9999 9999 9999 9999 9999 9999 9999 9999 9999 9999 9999 9999 9999 9999 9999 9999 9999 9999 9999 9999 9999 9999 9999 9999 9999 9999 9999 9999 9999 9999 9999 9999 9999 9999 9999 9999 9999 9999 9999 9999 9999  158  144  143  222  256  228  251  265  270  255  221  244  191  156  172  191  139  178  169  215  262  255  161  168  184  175  197  225  200  138  106  112  136  133  129  178  171  168  155  151  191  219  224  257  273  261  274  310  200  208  211  237  211  179  197  158  179  183  106  202  197  208  172  189  211  208  231  191  252  233  123  135  218  181  165  169  180  211  216  173  195  115   97  134  173  137  139  132  125  132  158  155   90  100  118  123  126  120  143  170  188  194  218  203  214  248  252  218  251  185  243  232  196  204  199  174  160  106  157  175  202  240  181  224  254  236  208  207  215  214  184  177  188  175  153  128  201  192  176  174  203  175  187  220  262  139  186  125  120  181  274  283  274   85   60  140  158  164  234  226  178  178  210  239  219  241  200  230  203  157  144  205  194  222  111  179  179  192  189  198  271  262  238  221  242  326  277  274  253  260  275  238  133  164  189  122  128  136  128  131  187  208  121  123  116  131  112  134  169  212  235  226  183  133  130  167  191  178  153  138  142  209  186  155  152  249   83  121  152  181  155  212  205  194  204  142  146   85   59   84   60  113  140  198  180  166  194  155  149  157  186  227  142  210  207  202  255  185  274  242  211
NP =31    0    0    0    0   52    0    0    0    0    0    0    0    0    0    0   24   12    0    0   19    0    0    5   12    0   16    0    0   43    3   26    0   25    0   38   32    0    0   58    0    0    0  100  175  104   11    0    0    0   40    0    0   19  138    0   63   88    5    0   10    0    0   66  163  104   19   48   39   22    0   20   51   49    9    0   11  152   56   31   21    0  199  171   13    0    0   19   58   40    0    0    0   15   22  127   44   37   40   63   62   57   34   35   20    0    0   31    2    0   25    0   21   81    1   53  163  152   86   74   65   76   76   86    0    0   40    1   33    0    7    6    0    0    0    0    7    0    0    0    6   17   15   43    0   46    7   14   39    7    0    0    0    0    7   50    0   31    0   16    3    0   19   34    0   16   32   11  104  106  109   87  119  223  175  221  184  221   27    0  148  169   57   60   45    0   45   55   23    9    0   61    0    0   53   38   31   36   55   13   33    0    0    0    0   18  181    0   33    0    0    0    0    0   60  154    0  103    0   47    0   55    9    0  203    0    0   13    0   15   24   11   73    0    0    0    0  294    0  207  213   68   57   68   44   44    0    0    0    0    0    0    0   95    0    0    0    0    0   43    0   40   45    0    0    0    0    0    0    0    0   22   26    0    0    0   33   12    0    0   60    0    0  140    0    0   15  477  428  214  356  253    0    5    0    0  236  221  277  308  416    9    0   60   24    0  144  384  194    0   76    0   68   85  124  153  200    0    0  372  253  925 1865 1339 2270  273  113   11    0   11    0    0    0   78   28   55  273    0    0    0    0    0    0    0    0
NP =32 9999 9999 9999 9999 9999 9999 9999 9999 9999 9999 9999 9999 9999 9999 9999 9999 9999 9999 9999 9999 9999 9999 9999 9999 9999 9999 9999 9999 9999 9999 9999 9999 9999 9999 9999 9999 9999 9999 9999 9999 9999 9999 9999 9999 9999 9999 9999 9999 9999 9999 9999 9999 9999 9999 9999 9999 9999 9999 9999 9999 9999 9999 9999 9999 9999 9999 9999 9999 9999 9999 9999 9999 9999 9999 9999 9999 9999 9999 9999 9999 9999 9999 9999   12   15   10   13   17   16   16   17   17   16   18   22   16   15   16   15   13   17   14   19   19   21   12   13   13   13   16   17   16   11   10   10   14   15   14   16   16   15   13   15   18    9   19   19   16   22   21   22   19   16   15   13   13   15   13    8    7   11   11   15   15   16   14   13   17   16   17   14   18   17    8   14   17   16   14   14   12   14   17   16   13    9    8   13   17   14   15   10   12   14   16   17    9    9   10    8   13   12    9   11   14   12   13   14   13   15   14   13   15   14   12   12   13   13   17   15   13   10   17   12   14   21   17   15   21   15   17   15   14   13   12   14   16   11   11   13   21   20    9   15   20   10    8   12   14   13   14   13   13   14   20   20   16   12    6   16   17   18   20   21   16   17   18   20   18   19   17   19   19   12   14   16   12   16    6   14   10   13   17   13   16   14   13   11   14   20   17   16   13   15   18   12    7   10   14   11   11   12    9   13   14   18   16   17   13   15   12   14   16   20   23   18   20   14   14   19   20   13   17   12   13   17   15   16   15   21    8   15   13   15   15   19   19   18   18   16   19   10    9   11    7   14   15   23   15    9    9    7    6   11   15   17   16   18   14   18   19   19   19   18   17
NP =33  406    0    0  107   87  155  182    0    0    0    0    0    0    0  213   54   41    0  406   41  182    0   41  320    0   22    0    0   30   54    9   54  107    0   54   41   30    0   41    0   70    0  107   54   41   87    0   70  320  213   30  182  107   41  107   41   30  155  130   21  406   41   41   41   41   54   41   54   70   41   41   54   41   54  107  362   54   70   54   70  107   41   41  182  130  182   30   14   21    0    0    0   14   30   14   30   54   30   41   30   54   41   54   54    0  130   54   41    0   41   30   30   41   87   54   41   54   54   54   41   41   41   70    0  246  282    9   14    0    9    9    0  282    0    0   30    9    0    0   14   21  182   21  320   21   54   21   21   30    0    0    0   87   87   54    0   41    0   30   21    0   41   30    0   41   30   30   30   41   70   54   30   41   41   87   30   30  130  130   54   70   30   21   30    0   21   14    9    9    0    9   21   70   14   21   30   21   41   30   30  182   30    0    0   41  107    0  246    0    0    0    0    0   41   30   70   30  246  182    0   14  182  406   30  282   87    9    0   30   41   70   41  282    0    0    0   41    0   70   70   70   54   41   41   41    0    0    0    0   41    0    0   87  130    0   41  406    9   54  107    9   87    0    0    0  182  182    0    0  406   21    9    0    0   14  320   21  130  155  155    0  246   41   41    0   14   70   54   54   70   54    0  107   70   54   70   70   70  155  107  155  406  182   21   41   30   70   54   21   21    0   30   30  320   41   30    0   54  320   70   41   87   87   87  107   54  107  406   70    0  320  213   87   54   41   87   54    0    0    0    0    0    0    0
NP =34 9999 9999 9999 9999 9999 9999 9999 9999 9999 9999 9999 9999 9999 9999 9999 9999 9999 9999 9999 9999 9999 9999 9999 9999 9999 9999 9999 9999 9999 9999 9999 9999 9999 9999 9999 9999 9999 9999 9999 9999 9999 9999 9999 9999 9999 9999 9999 9999 9999 9999 9999 9999 9999 9999 9999 9999 9999 9999 9999 9999 9999 9999 9999 9999 9999 9999 9999 9999 9999 9999 9999 9999 9999 9999 9999 9999 9999 9999 9999 9999 9999 9999 9999 9999 9999 9999 9999 9999 9999 9999 9999 9999 9999 9999 9999 9999 9999 9999 9999 9999 9999 9999 9999 9999 9999 9999 9999 9999 9999 9999 9999 9999 9999 9999 9999 9999 9999 9999 9999 9999 9999 9999 9999 9999 9999 9999 9999 9999 9999 9999 9999 9999 9999 9999 9999 9999 9999 9999 9999 9999 9999 9999 9999 9999 9999 9999 9999 9999 9999 9999 9999 9999 9999 9999 9999 9999 9999 9999 9999 9999 9999 9999 9999 9999 9999 9999 9999 9999 9999 9999 9999 9999 9999 9999 9999 9999 9999 9999 9999 9999 9999 9999 9999 9999 9999 9999 9999 9999 9999 9999 9999 9999 9999 9999 9999 9999 9999 9999 9999 9999 9999 9999 9999 9999 9999 9999 9999 9999 9999 9999 9999 9999 9999 9999 9999 9999 9999 9999 9999 9999 9999 9999 9999 9999 9999 9999 9999 9999 9999 9999 9999 9999 9999 9999 9999 9999 9999 9999 9999 9999 9999 9999 9999 9999 9999 9999 9999 9999 9999 9999 9999 9999 9999 9999 9999 9999 9999 9999 9999 9999 9999 9999 9999 9999 9999 9999 9999 9999 9999 9999 9999 9999 9999 9999 9999 9999 9999 9999 9999 9999 9999 9999 9999 9999 9999 9999 9999 9999 9999 9999 9999 9999 9999 9999 9999 9999 9999 9999 9999 9999 9999 9999 9999 9999 9999 9999 9999 9999 9999 9999 9999 9999 9999 9999 9999 9999 9999 9999 9999 9999 9999 9999 9999 9999 9999 9999 9999 9999 9999 9999 9999 9999 9999 9999 9999 9999 9999 9999 9999 9999 9999 9999 9999 9999
