## station 36078 wind>14  Yes/DontKnow    SPRING 2015-2022 years
##  Number YES =  125
NP = 1   10   15   16   11   15   20   13    8   11    9   19   14   12   11   12   10   12   14   13    9    7    9   12   10   11   12   11   11   12    7    9   14   14    8    4    9   11   13   11    4   12   11   15   12   13   19   15   11    8    9   16   16    9   11   18   10   15   14   16   12   15   10   12    8    9   12   12   15    9    9   13   15   14    4   12   11   15    8   10   13    9   12    9   11   17   13   13    8   14   16   14   12    9   12    8    8   11   14    8   10   12   12   12   12   14   12   13   11   13   13   14    9   14   10   10    5   15   10   11   12    8    9    7    9   13
NP = 2   15   21   23   17   27   26   19   18   22   19   27   22   19   20   24   14   17   22   20   16   14   15   17   16   21   17   19   15   18   14   17   21   24   15   11   11   17   21   19   12   24   17   26   18   24   28   20   16   21   17   27   27   17   31   26   16   22   19   25   18   26   17   18   15   15   28   22   35   20   13   21   22   21   14   26   17   27   18   16   32   17   13   18   16   28   26   15   13   24   17   22   21   14   18   21   16   19   29   17   19   27   17   21   13   19   21   25   24   21   22   25   24   21   20   13   11   25   18   18   18   12   17   18   11   20
NP = 3   16   21   23   20   27   27   24   18   23   19   27   23   20   23   24   15   17   26   22   16   21   16   21   18   23   21   21   17   20   14   17   25   27   17   12   15   18   22   23   15   24   20   27   20   26   29   23   17   27   20   27   27   20   31   31   19   23   23   29   18   28   21   19   19   19   28   24   38   22   16   21   22   22   14   26   23   27   18   18   34   19   16   20   18   30   27   16   13   26   19   22   24   18   20   21   21   21   30   18   20   27   17   21   13   20   30   25   28   25   24   26   24   28   21   15   13   26   20   19   21   14   18   22   14   21
NP = 4   11   17   17   13   18   20   13   13   15   13   18   13   13   14   17    8   13   16   12    9    9   11   12   12   12   13   14   10   13    9   12   16   18    9    5    7   11   16   14    8   13   13   19   13   15   22   16   12   13   11   19   19   12   15   20   12   16   15   19   14   19   13   13   10   11   17   14   21   12    9   15   17   16    7   17   13   17   11   12   17   12    9   12   12   21   17   10    9   17   12   16   16   10   13   13    8   14   20   11   13   18   12   13    8   13   15   16   16   16   15   18   15   16   14    7    7   18   11   13   13    7   11    9    7   10
NP = 5    6    8    9    6    9    9    8    5    7    5    6    6    5    6    7    3    5    8    7    5    4    4    7    6    3    5    7    3    7    4    4    8    7    4    2    4    4    6    6    2    6    6    8    7    5   11    5    6    3    3    8    9    4    6   11    5    9    7    8    7    9    6    7    4    5    6    7    8    5    3    8    9    7    2    7    7    9    5    5    6    4    8    5    6    9    7    4    5    8    6    8    7    4    7    4    4    6    7    4    6    6    7    6    4    5    5    6    6    8    8    8    5    8    6    2    3    9    4    6    6    2    3    4    2    4
NP = 6    4    7    8    5    8    7    4    4    6    4    6    3    4    5    6    2    5    7    2    4    4    4    5    2    3    3    5    2    5    1    4    6    7    3    1    2    4    5    5    1    5    5    7    6    5    9    5    5    3    3    7    8    4    3    8    4    7    6    7    6    8    5    5    4    5    7    4    8    2    2    6    8    6    1    7    5    7    3    5    5    4    4    4    5    7    6    3    4    6    4    6    6    4    6    5    3    6    6    4    5    7    5    5    2    4    4    6    6    7    7    6    5    6    5    1    1    8    4    5    4    2    3    1    1    1
NP = 7    6    9   11    8   11   11    6    7    9    6    7    4    6    6    8    2    6    9    3    4    4    5    6    3    3    4    7    4    9    1    6    9    9    4    1    2    4    7    7    4    7    7   10    8    6   12    7    6    5    5   10   12    5    4   10    6    9    8    9    9   10    6    7    5    6    9    4   11    3    3    9   11    9    2   10    7   10    3    6    6    5    4    6    6   10    9    3    6    8    5    9    8    5    8    7    4    8    9    5    7   10    6    8    2    6    5    9    7    9   10    9    8    8    7    2    1   11    5    8    6    2    4    1    1    1
NP = 8   12   19   26   16   23   23   12   19   16   10   16   16   18   16   22   13   16   31   23   11   17   12   13   10   18   15   15   12   12    8   19   27   31   16    7    9   13   17   13   21   21   18   30   13   19   23   13    9   21   17   22   36   11   26   17   19   23   19   21   17   28   11   11   13   19   27   16   38   19    7   23   27   21    9   28   10   21    9   11   29   14    9   13   13   23   20    2    6   20   14   20   19   12   19   21   20   18   30   13   11   24   12   16    7   17   21   23   30   19   17   25   29   24   12    8    6   16   19   15   11    6   11   13    4   17
NP = 9   19   22   22   21   33   30   29   28   22   13   22   16   11   17   19   26   19   41   25   21   17   19   33   25   20   25   19   15   10   15   23   31   34   26   10   20   23   17   28   24   28   23   31   20   30   46   22   23   23   12   15   32   18   33   21   24   26   26   33   16   20   13   25   17   16   26   36   55   34   16   23   23   27   15   25   38   25   27   18   31   24   22   19   19   25   26    6    6   33   19   25   28   28   23   35   19   23   29   24   13   29   20   24    9   17   26   28   30   29   27   31   25   37   34    7   12   23   30   22   32    5   14   24   16   22
NP =10   28   29   26   29   26   26   32   27   31   26   24   26   30   28   27   27   28   27   26   30   31   30   26   27   26   25   28   34   30   25   28   26   29   30   30   25   29   26   31   32   27   26   27   31   26   25   24   28   25   28   30   26   26   26   30   25   25   25   24   29   26   32   25   29   28   27   28   24   27   32   26   25   27   20   32   33   27   29   33   24   28   26   28   27   24   30    9    6   30   30   29   28   28   28   32   34   27   27   36   31   28   30   28   27   30   28   29   32   28   28   25   27   28   33   31   25   26   27   25   29   36   31   30   25   29
NP =11   32   30   26   32   23   25   23   32   32   24   24   22   31   26   29   25   26   31   26   33   32   32   27   28   27   24   28   33   29   27   29   26   30   30   31   24   24   26   33   34   24   28   29   33   27   26   25   27   24   30   28   27   29   27   23   27   26   25   25   31   25   23   23   29   27   28   27   25   26   25   25   26   30   21   32   33   29   27   26   25   30   27   25   28   24   33   30   13   27   28   33   30   29   28   34   32   27   26   25   18   28   29   30   26   30   28   29   33   27   28   27   29   28   28   25   26   25   28   25   28   23   30   33   26   27
NP =12   21   14   31   12   44   21   40   12   18   24   27   22    5   30    4   28   11   15   39    1    3   19   32   23   16   43    2    6   12   14   10    8    7   16   10   25   15   37    0   15    7    5   -1    2   25    9    7    7   34   11    3   41    0   55   16    9   10   23   17    1   12   20   12   19   26   21   36   38   20   14    6   10    0   24    8   -1   14   12    5   33   18   18   10    8   45    8   10   -3   -1   31    6    7   20   14   -5   16   15   15   15   -2   15    5    4    5    4   31   35    4    2   -8   -6    9  -11  -16    2   38   21   29   35  -14    6   17   -8    3    1
NP =13  -30  -50  -22  -52  -14  -39  -28  -51  -45  -26  -25  -28  -51  -20  -50  -23  -39  -35  -14  -51  -43  -31  -22  -31  -39  -11  -53  -43  -43  -41  -40  -39  -45  -37  -44  -27  -38  -11  -54  -32  -43  -50  -56  -55  -30  -42  -49  -51   -4  -40  -53   -5  -54    1  -37  -46  -39  -29  -33  -56  -41  -33  -44  -30  -11  -28  -15   -3  -27  -38  -47  -43  -54  -22  -50  -57  -33  -39  -48  -14  -36  -39  -42  -48    1  -47  -45  -61  -58  -17  -50  -48  -26  -25  -59  -32  -31  -34  -34  -57  -28  -50  -51  -48  -52  -18    0  -51  -53  -62  -62  -41  -66  -72  -52   -1  -21  -24   -6  -72  -45  -34  -66  -53  -54
NP =14   52   26   57   37   54   26   19   91   44   66   63  108   15   15   27   44   35   56   34   35   65   58   43   60   25   56   33   29   60   69   37   55   39  119   83   10   60   19   28  115   38   73   35   13   63  102   73   91   84   34   50  111   39   19   29   92   46   59   76   48   44   51   43   45   90   48   83   93   37   15   36   42   25  104   35   27   47   29   29   71   74   17   70   44   74   50   54   58   74  108   49   23   72   61   66   79   56   35   28   26   60   56   47   30   29   48   61   35   28   41   69  101   34   21   74  130   60   38  138   62   29   26   67   79   57
NP =15  163  188  198  198  214  188  178  189  173  191  195  193  185  195  189  146  184  189  138  170  203  185  189  183  212  182  188  175  224  172  175  198  189  193  191  156  191  179  173  168  199  202  185  190  188  225  210  175  173  194  189  211  190  159  186  206  206  203  213  179  236  181  192  180  198  198  192  253  162  175  203  209  189  214  205  163  198  193  184  221  191  206  184  202  219  186  200  219  201  213  205  223  186  175  191  199  192  216  164  182  204  215  203  196  222  202  211  250  203  195  209  196  209  191  185  231  240  196  243  197  185  196  178  218  168
NP =16   14   23   13   13   22   18   22   12   11   11   15   20   14   15   15   15   14   20   15   15   12    9   19   18   15   22   17   10   13   10    9   15   17   12    6   14   14   16   18    9   10   14   11    9   13   26   11   10   10   13   21   20   17   14   23    7   13   12   21   12   10   22   18   14    9   12   18   24   17   12   13   17   15   11   12   18    9   13   17   14    5    7   11   10   14   11    6   10   17    8   10    8   15   20   14    8   19   16   18   16   17    9   10    8   12   10   11    9   15   15   22   12   13   26   10    9   13   11   13   19    9    8    6    7   12
NP =17    6    6    4    3    8    4    6   10    4    3    3    7    3    1    5    7    3    8    7    2    3    3    3    5    3   10    5    2    5    4    1    3    5    4    5    4    2    5    5    9    4    7    4    3    1   11    2    2    3    2    9    6    2    3    9    6    3    3    7    2    3    7    2    2    4    5    7    9    5    3    3    4    3    8    3    4    5    2    7    2    3    3    1    3    5    3    2    3    5    4    2    3    3    5    7    4    4    2    5    4    5    3    4    2    4    3    4    1    4    2    8    7    3    9    2    5    4    2    5    3    1    3    4    5    3
NP =18  481  478  496  487  509  488  487  494  494  509  510  504  496  500  491  495  481  491  491  477  503  499  496  482  504  501  486  502  509  509  488  495  485  496  499  499  485  478  470  494  503  501  496  504  510  503  510  503  488  485  487  502  483  507  494  498  499  494  493  478  506  491  504  479  494  498  493  495  489  487  492  493  487  501  500  484  498  487  481  509  505  507  498  501  506  508  512  505  506  505  503  508  487  492  485  492  493  494  494  479  495  500  499  498  507  505  506  510  504  478  498  496  489  475  486  508  508  503  506  488  504  511  510  510  507
NP =19   10   18   11   11   16   16   17   11   12    8   10   14   11   11   13   12   11   16   13   13    7    8   16   17   11   16   17    8    9    6    8   11   13    9    4   10   10   13   14    7    8   10    9    7    8   18    6    8    8    9   16   14   12    9   16    6    7    7   14    9    7   16   12   11    6    7   13   15   12    9   10   11   12    6    9   14    7   11   14    9    5    5    9    5   11    9    5    8   14    5    8    5    9   13   10    6   13   10   14   13   13    7    7    7    8    7    9    8   12   10   17   10   10   19    8    7   10    8    8   14    7    7    7    4    8
NP =20    6   12   10    7   14   11   10   11    8    8    7   11   10    9   10    8    9   15    9    9    7    6    9   11   11   11   11    7    8    6    9   11   16    6    6    8    8   10    9    8    9   12   10    9    6   13    5    7    9    8   16   17    9    9   15    7    7    8   12    9   10   12   10    9    8    8   11   15    8    6   12   13   12    6   10    9    9    6   10   12    6    6    9    8   13   11    4    7   11    6   10    8    6    9   13    7    7   13   12   10   11    7    8    5   10    8   12   10    9    9   13   13   13   13    5    6   11    5    8    9    6    7    8    4   10
NP =21    8   12   12   13   14   13   10   14   13   10   12   13   10   13   13   10   10   17   13    8   12   13   12    9   13    9   10   10   10    8   12   16   19   13    8    9   10   13   13   15   15   12   17   10   10   16   12    9   12    8   15   20    9   13   13   13   14   13   18   12   14    9   10    9   12   15   15   23   12    5   15   16   14    9   18   11   15   10    8   17   12    9    9   10   16   17    4    3   15   10   15   16   10   12   17   13   12   19    9    7   17   11   14    5   14   13   15   17   13   12   13   16   17   10    5    8   14   11   13   11    3    8   12    8   12
NP =22   16   25   17   20   26   24   23   24   23   13   20   18   12   22   17   22   19   26   19   17   19   24   24   20   16   22   20   16   11   11   22   24   26   25   12   19   19   22   28   20   22   15   30   11   20   30   21   17   19   13   17   29   21   21   20   20   21   23   33   23   21   16   21   17   17   23   21   41   22   14   21   21   20   14   31   28   23   20   18   25   21   14   15   16   26   26    7    5   22   15   23   29   17   21   27   20   20   25   20   13   30   18   25    7   18   18   23   26   24   24   20   21   27   25    9    8   16   21   21   23    5   16   19   12   18
NP =23   -1   25  103   19  113   84    8   60   -1   65  114   43   61  104  128  -18   95  151   10   14   42   54   73   18   57   42   55   12   68   -8   52  136  113   25    9  -20   55   40   14   46   96  110  126   46   81  151   78   19   66   61  138  192   65    4   78   82  139  102  125   53  162   26   50   28   95  147   56  166   38  -20  131  169  122   50   96  -64  117   34    6  112   74   33   50   60  139   57   16  -45   63   60   93   97   46   41   69   70   67  142   17   14  105   29   55   30   69   98  101   85   82   75  117  128   88   28   -9   25  119   45   69   19    3    8  -23   17   -5
NP =24    9   48  131   41  137  140  -22   83    5   94  120   38   66  109  152   -1   86  178   13   16   50   66   62   13   68   34   81   21   99   11   82  168  149   19    5  -12   52   67   30   54  110  122  147   75  101  202   98   16   67   80  169  226   72    5   89  115  172  125  152   65  199   24   44   49   97  172   52  216   46  -17  154  194  152   35   85  -61  141   15    9  116   80   38   72  105  173   75   -8  -18   43   64  126  129   70   70   97   92  103  166    3   17  147   57   72   15   96  120  130  101  110  134  165  132  114   46    5    8  188   55  117   39   16   -4   -4   18   14
NP =25  -32   37  141    0   33  143  -28   18  -29   67   61   38    5   27   64   26   58  142  -27   37  -17    0  -22   51   30  -71   83  -21   54    9  -10  219  186   30   46   -8  -11  122   10   21   55   55   45  -13   10  192   68    2   66  -28   88  324   36  -34   58   39  108  122  211   27   88  -25    0    9   33   64  -52  293   -7   -7  123  388   39   19  -85  -17   85  -66   26   -3   20   37   38  106   87    9   27   69  -62   52   35   61   35   20  -34    0   76  232  -39  -49   53   22   56   22   41   18  -40  -70   68  153  144   31  148  -21    5   47  207   -3   57   -9  -18   15   14   52   70
NP =26    8   -5   23   14   22   23   23   15    8    6   20   21   12   16   10   18    8   25   24   -3   10   13   21    6   25   33    5    0   15   11   -2    3    7    4    3    8    4    6    4    1    6   -3    3   -9    8   11    4   -2    7    1   15    4   -3   13   20   10    9   13   11   -7   10    6    7   -2   -5   14   18   19    9    1    1    7   -2   -4    4   -1    7    6    8    1    0   -3   -4   -4    6   -4   -2   -3   11   -2   -5    2    4   13   -3    5   14   17    1   -9    6   -6    1    3   -7    8   -6   -3   -5   -3   24   11    5    4    0   -2   -3    6    5    0   -2   -1   -8   -3   -2
NP =27   53   49   55   46   51   57   56   42   52   54   52   52   55   55   54   54   58   49   55   55   48   54   55   56   51   54   53   54   54   54   55   55   57   52   54   52   56   62   53   48   50   51   55   49   52   53   52   52   56   56   56   49   54   47   53   50   53   55   53   55   51   50   49   52   52   47   58   53   54   56   57   57   55   53   54   49   50   56   59   48   49   50   53   50   50   51   54   50   52   53   50   47   49   51   47   51   53   53   55   53   49   49   48   56   53   53   52   52   49   56   52   52   50   58   58   50   44   50   50   46   51   56   50   52   51
NP =28   16  -50  216   32  270  140   41   85   89  116  211  158  202  178  106  121  170  168  191   39  147  200  206   36  136  174   52  259  221  177  180  264  262  150  275  219  177  290   12  125  109  140  250  160  219  165  140   58  239  132  195  180  183   87   62  141  149  133  157   81  102   47  113   -8  150  145  219  261   81   53  218  225  157   84  247  -93  117   52   72  144  200  115  198  129  132  201  126  175  179  174  134  224   42   24  111  163   75  196  172   53  114   37  139  276  265  369  244  303  129   22  134  146   86   26  280  103  153  126  112   49  162  348  -58  274  254
NP =29   46   44   49   43   49   48   47   42   48   49   49   49   51   51   48   50   47   44   47   43   46   50   51   47   50   51   46   52   50   52   49   47   48   46   47   51   48   49   43   43   48   47   49   48   52   50   50   49   48   47   47   46   44   49   47   45   48   49   48   46   47   46   50   43   46   44   50   49   48   48   48   48   46   45   50   44   48   48   49   49   49   48   50   47   48   49   53   47   51   49   46   47   45   46   44   45   46   47   47   45   43   45   46   51   51   53   51   50   47   45   49   47   45   47   49   40   46   50   47   43   51   53   46   49   52
NP =30 9999 9999 9999 9999 9999 9999 9999 9999 9999 9999 9999 9999 9999 9999 9999 9999 9999 9999 9999 9999 9999 9999 9999 9999 9999 9999 9999 9999 9999 9999   -2    9    0   11   -9    0    1  -10   36   42    9    3   -7   16  -14  -10  -15  -15    1    4   -2    9   43   22    5    8   -4   -7   -3    0   -2   30    2   35    3   35  -17    2   21   11  -11  -16    8   -9  -13   48   14   -5   -7    8   15    9   -8    8    2  -12  -26    6  -23  -13   11   19   37   27   45   29   14    3   15   17   15   18   17  -14  -12  -19   -7  -19   14    7   -1    6   38   20   -8   -5   31   11   -1   41    5  -32   11   -4  -17
NP =31  559  123    0  226  747 2475 1217    0  943 8864 2308    0 4479    0 1674    9 3561  318    3 2120    0 2078  946 2234 3794  268  848 8364 1045    0 1461    0 3003    0    0 3539 2509 1972 1664    0    0    0    0  339 1999    0 6003    0 1276 2467  391    0 1348  166 1676  561    0 2635 1764 1676 2138 1749   29  486  937    0 3531    0 2784 1384    0 5135 1465 1368 7075  936  819 1392 3328 3201  571  671 4577    0    0 6695 9999  453 1454    0  653    0    0  450    0    0    0    0 2324  914  124  191  322 3411 6033    0 6666 7659  748  565 3081    0  518 2450 4381    0    0    0 3008    0    0    0    0  925    0
NP =32 9999 9999 9999 9999 9999 9999 9999 9999 9999 9999 9999 9999 9999 9999 9999 9999 9999 9999 9999 9999 9999 9999 9999 9999 9999 9999 9999 9999 9999 9999    4    4    6    9    5    5    6    2    7   18    4    6    5    4    5   13    0    4    8    3    4    8    7    8    6    8    2    4    7    4    3    6    5    9    6    7    4   11    5    8    1    1    4    7    2   14    4    4    2    7    6    6    2    3    9    2    2    3    4    8    3    4    9    8   11    8    6    5   14    5    8    6    4    3    0    0    5    0    5    6    4    8    7    8    3    5    8    5    7   11    3   -1    9    3    5
NP =33  359  432  472  296  472  472  432  472  472  437  478  478  400  365  478  275  478  275  275  437  400  333  333  250  437  437  303  400  478    0  303  478  478    0  303  160  365  275  275  478  333  400  478  400  437  400  437    0  400  303  478    0  400  333  437  400  365  478  333  333  400  333  365  333  478    0  275    0  303  333  303  303  303  400  303  333  400  365  275  365  437  365  400  400    0  365  365  437  333  365  400  365  303  437  478    0  478  275  228  333  333  400  400  303  333  365  400  365  400  387  425  425  318  288  425    0  387  318  425  351  387  387    0  387  466
NP =34  352  468  610  356  639  566  502  212  427  986  933  840  840  847  683  507  577  400  638  410  521  695  673  383  706  697  488  877  979  885  655  586  676  265  809  943  536  612  381  586  825  505  604  583  768  621 1004  663  656  485  742  678  356  677  587  371  750  588  565  475  907  511  862  397  505  301  617  534  392  543  733  881  457  820  910  293  448  475  678  883  711  675  678  696  930  999 1033  734  910  771  552  730  420  341  245  405  441  717  675  590  483  412  482  875 1016 1052  954  961  898  576  538  621  499  488  572  837  789  506  796  397  970  934  486  938  996
##  No definition =  356
NP = 1    5    5    3    4    3    3    2    4    5    4   11    5    6   12    8    6    7    9   12    9    8   13    7   13    8   12   17   12    6    6   12   10    9    6   10    5    6   10    5    8    8   13    7    4    7   10    5    3    5    5    4    4    5    8    5    5    5    8    4    5    7    4    8    7    7    6    7   10    5    9   11    3    4   13    6   13    8    8    6   10    9    8    8    6    8    7   10   10    5   15    9    7    6    4    6    5    6    4    6    5    4    4    9   10    5    4    8    4    4    5    2    4    5    9    9   10    7   10    6    6    9    6    7    9    6    7   14    8    6   11   10   15    9    5    7    9    4    3    4   11    7   11    5    4   11    8    4    4    4    6    6    8    7    4    4   13    6    9   12    9   10    9   12   14    9    5   11    5    5    7    6    5   16    7    3    5    5    5    9    6    5    7    4    5    6    5    6    4    4    5    4    7   16    5    4    3    4    5    5   11    4   10    8    7    6    5    8   15   11    8    5   11    6    5    4    5   10    3    5    3    3    5    4    4    4    5    3    4    3   14    6    7   10    5    3    3    4    5    5    7    8    7    8    7   11    5   10    6   12    9    7    5   10   11    5    8   13    7    6    6    6    7    4    5   10    8    9    4    5    3    3    4    7   13   11    3    6    3   10   10    4   11    7    8    9    4   10    7    5   12    4    3    3   10    9    3   10    8   11    6   12   11    9   10   10   11    7   13    7    7    8   10   10    7    4    4   11   14    4    5    9   10    5    3    5    4   11    7   11    5    4    5    4    5   10    4   10    9    9    5    5    4    4    7    5    5    6   15    6    6   14    5   12   11    5   16
NP = 2   14   14    9    8    8    8   10   11   14   16   28   14   11   19   16   13   11   15   21   14   22   25   11   16   16   20   27   17   12   18   21   15   14   11   13   11   12   17   16   16   20   18   12   16   14   11   10    9   18    8    9   15   13   20   11    9    9   16   11   13   15    7   12   15   13   17   14   20   11   14   19    9   14   21    9   18   17   16   14   16   17   12   14   12   13   13   18   15   14   17   19   14   14   15   17   21   11    7   12    8    9   11   10   11   11   10   18   12   13   16   10   12   11   12   13   14   15   22   11   14   16   18   12   14   10   11   22   13   13   19   17   23   13   10   14   15   10   14   11   17   10   16   10   14   19   15    8   10    9   19   13   15   11   12   12   22   15   14   17   16   17   13   17   17   17   14   21    9   15   15   12   13   23   12   10   12   23   15   15    9   11   12   12   14   13   16   12   17   11   13   11   16   22   13   11   10   10   12   12   14    9   15   10   13   11   12   16   22   19   12   10   20   12   12   11   13   20   12   12   10    9   13   10   10   15   16   11   13   11   16   15   10   17   12   11   11   11   11   11   13   13   16   15   11   17   12   18   13   21   15   10   11   15   13   11   14   17   12   14   14   10   13   13   13   15   14   12   10   11    9    9   10   14   14   15   10   10   11   18   16   11   15   10   10   16    9   14   21   15   17    8   11   10   16   13   10   12   13   12   13   15   18   20   13   15   16   15   18   16   15   13   18   17   13   10   13   16   27   13   13   14   15   12   11   10   10   15   17   20   10   14    9    9   11   15   13   16   14   13   12   13   13   12   13   14   14   15   17   15   15   14   14   15   12   14   17
NP = 3   18   17    9    9   10    9   10   14   14   16   28   16   12   21   18   14   11   16   26   16   27   27   11   20   16   20   29   22   14   19   22   16   16   11   13   12   13   17   16   20   21   20   17   17   15   13   12    9   18    9    9   16   18   22   12    9   11   17   11   13   15   11   12   16   16   19   16   22   11   17   20    9   15   22   11   21   21   17   14   18   17   14   14   12   16   13   18   16   16   19   23   14   16   18   17   25   14    9   14    8    9   11   10   14   14   12   18   12   13   17   13   12   12   13   15   15   15   22   11   15   17   21   15   16   12   14   22   13   16   20   18   23   15   14   16   16   10   14   11   17   14   17   10   15   22   19    9   11   11   19   18   16   16   13   12   22   18   14   23   17   19   15   19   19   19   17   21   13   17   16   15   16   25   13   10   12   23   19   16   13   13   16   12   17   13   19   16   19   12   13   15   18   22   15   13   11   12   13   14   14   11   17   12   15   11   13   17   27   21   14   14   21   13   12   13   16   22   12   12   10   12   15   11   11   16   18   13   13   13   16   15   13   22   13   13   12   12   11   14   13   16   16   21   12   20   13   18   14   25   17   10   11   15   15   12   15   20   13   15   14   12   13   15   13   16   15   13   11   11    9   10   11   15   15   15   12   11   14   20   18   12   15   11   15   19    9   17   23   16   22    9   13   13   17   17   13   12   15   13   13   18   19   20   14   16   18   16   21   17   19   14   18   18   13   11   13   20   28   16   14   15   16   15   18   10   12   15   19   21   15   14   11   10   12   18   17   17   16   15   13   17   15   14   15   15   15   16   19   16   17   17   17   16   16   15   17
NP = 4    9    8    4    5    4    3    5    6    6    7   16    7    7   13   11    8    7   10   15    9   14   17    7   12   11   14   20   11    8   11   14   10   10    5   10    7    8   12    9    9   13   14    7    9    9    8    4    4    7    5    4    5    6   10    6    4    5    9    6    6    9    4    9    9    7    9   11   14    6   10   13    4    6   15    6   15   11   10    7   12   12    7   10    7    9    8   12    9    8   12   13    8    7    7    9   13    6    4    6    4    4    5    6    6    5    5   12    5    5    8    5    5    5    8   10   10    9   13    6    8   10   10    8   10    6    8   16    8    9   14   12   17   10    5    9   10    5    5    5   11    7   12    5    6   13    8    4    5    5    8    7    9    7    6    6   14   10   10   10   11   10    9   12   12   12   10   14    5   10    8    7    8   18    8    4    6    9    7    9    5    5    9    7    9    7    9    7    7    5    6    6   10   16    7    6    5    6    7    7   10    5   10    6    9    6    6   10   17   14    8    6   13    8    7    7    8   13    6    5    5    6    7    6    6    7    8    6    7    6    8    8    6   10    7    6    6    7    6    6    6    8    9   10    7   13    7   12    9   14   11    7    6    9    9    5    9   11    7    8    7    7    9    6    9   10   11    9    6    5    5    5    6    8   10    9    6    5    6   13    9    6   11    7    6   11    4   10   12    8   10    4    6    5   11    9    5    7    7    8    9   11   14   13    9    9   12    9   13   10    9    9   11   11    6    5    6   10   18    8    9   10   10    8    5    6    5   11   10   14    6    8    5    5    7   10    6   12   10   11    8    9    8    8    9    8    8    8   11    8    8   10    8   11    8    9   11
NP = 5    2    2    2    1    2    2    0    2    3    2    6    3    3    6    4    3    4    6    7    5    4    8    4    6    4    7   10    7    4    4    7    4    6    4    5    3    4    6    3    5    4    5    4    2    4    3    1    1    3    4    2    2    2    4    3    2    2    3    2    3    4    2    4    4    4    3    3    6    3    5    7    1    2    7    4    5    4    4    3    5    4    3    4    3    4    4    4    4    2    4    4    4    4    2    3    4    4    2    4    2    2    2    2    2    3    2    4    2    2    3    1    2    1    2    4    6    3    6    3    4    4    3    4    4    3    4    4    4    3    3    6    8    5    3    4    6    2    1    2    5    4    6    1    1    4    3    2    2    2    3    3    5    4    2    2    4    4    5    6    5    3    4    5    9    5    3    6    3    3    4    3    3    9    4    1    3    3    3    5    4    1    2    2    3    3    1    3    2    2    2    1    4    8    3    2    1    2    2    3    6    2    6    3    3    3    2    4    8    5    5    2    6    3    2    2    2    5    2    2    2    2    2    2    2    2    3    1    2    1    7    3    3    5    3    2    1    2    2    2    3    4    4    3    3    5    3    6    4    7    5    3    3    4    3    2    4    7    4    4    4    3    4    2    3    6    5    5    3    2    1    1    2    4    8    6    2    3    1    4    6    1    6    4    4    4    1    4    4    3    5    1    1    1    4    5    2    6    4    2    3    4    5    5    6    4    6    3    7    4    3    4    6    5    4    2    2    3    9    2    2    5    6    2    2    2    2    5    5    6    2    2    3    2    2    6    2    6    5    5    3    4    2    3    3    3    3    4    3    3    4    4    2    3    3    3    3
NP = 6    3    2    1    1    1    1    1    1    1    1    7    1    3    4    3    1    2    4    6    3    2    7    3    5    4    6    8    4    3    3    5    3    4    3    4    2    3    5    2    3    3    4    2    2    3    2    1    1    1    2    1    1    1    1    2    1    1    3    2    1    3    1    3    2    1    1    2    5    1    4    4    1    1    6    1    4    4    4    1    4    4    2    4    2    4    2    4    3    2    4    4    3    2    1    1    4    1    1    1    1    1    1    1    1    1    1    4    2    1    1    1    1    1    2    4    4    1    5    2    2    3    3    3    4    2    2    4    4    3    3    4    7    4    1    2    4    1    1    1    2    1    4    1    1    4    1    1    1    1    2    1    3    2    1    1    3    3    4    4    3    2    4    5    4    4    2    5    1    2    2    2    3    7    3    1    1    1    2    4    2    1    3    2    3    2    2    2    1    1    1    0    4    7    2    2    1    1    2    3    4    1    4    2    1    2    1    4    7    5    2    2    4    2    2    2    1    4    1    1    1    1    1    1    1    1    2    1    1    1    4    2    3    4    2    1    2    2    2    2    2    1    1    2    1    4    2    4    3    5    3    3    2    3    2    2    2    4    3    2    2    3    4    2    2    4    4    3    2    1    2    1    1    3    5    4    1    1    1    5    4    1    4    2    2    4    1    3    3    2    3    0    1    1    3    4    1    3    2    1    2    3    4    5    4    3    4    2    6    4    3    3    5    5    2    1    1    3    7    1    3    4    4    2    1    2    1    5    2    6    2    2    1    1    1    4    1    4    4    4    2    3    2    2    2    2    2    2    2    2    2    4    1    1    2    2    1
NP = 7    4    4    1    2    1    1    2    2    3    1    9    2    4    7    5    2    3    8    8    4    3   11    4    8    5    8   12    8    4    3    8    4    6    3    5    2    4    8    2    4    4    5    2    4    4    2    0    1    2    3    1    1    1    1    3    1    1    4    3    1    4    1    4    3    1    1    3    7    1    6    5    1    1    7    1    6    4    5    3    5    5    2    4    3    4    2    6    3    2    4    5    4    3    1    1    6    3    1    3    1    1    1    1    2    1    2    6    2    1    2    1    1    1    3    5    6    1    6    2    3    6    4    3    4    2    2    6    4    3    4    5    9    5    1    3    7    1    1    1    4    2    5    1    1    6    3    1    1    1    3    2    5    3    2    1    5    3    5    5    4    4    4    6    5    6    3    7    1    3    2    3    3   10    4    1    2    2    3    5    2    1    5    2    4    3    2    2    1    2    1    1    5   10    2    3    1    2    3    3    6    1    5    2    2    3    1    4    9    5    2    2    7    4    2    2    2    6    1    2    4    2    0    2    2    1    3    2    2    2    5    3    3    6    4    2    2    2    2    2    2    1    3    3    2    7    2    5    4    9    4    3    2    4    3    2    2    7    4    3    3    4    4    2    4    6    5    4    3    2    2    1    2    5    6    7    1    2    1    7    5    1    6    3    3    6    1    4    5    3    4    1    1    1    4    5    1    3    2    3    3    5    6    7    5    4    6    3    8    4    4    4    8    7    4    2    3    4   10    2    4    5    6    3    1    3    1    7    3    8    3    3    2    1    1    6    2    7    4    6    3    4    3    2    4    2    3    2    4    3    4    4    1    1    3    2    2
NP = 8   12   12    3    4    4    4    4   12   13   17   27   13    5   23   19    6    4   11   19   12   23   22    9    9   13   15   28   14    6    9   13   12    9    5    8    4    5   10    5    7   13   14    8   13    9    9    9    8   10    8    9   10   19   21    7    5    6    9   11    7   11    7    6   10    8   14   12   17    6    9   11    5    6   17    6   23   19   15   12   13    8    9    6    5    7    5   12   10    4   15   12   11   11   17   20   23   15    6    7    3    7   10    5    9   17   13   24    9   11   13   12    7    5    7   15   17   19   18    6   10   12   10    6    7    5    7   19    4    5   13   11   15    5    9   14   10    6   11    9   14   11   13    9   13   22   13    5    8    7   15   13   12    9   11    8   25   13    9   19   11   13    7   10   15   15   21   24   13   18    7    8    7   20   12    9   12   21   18   18    4    5    8    6   13   16   17   17   19    5    5   16   17   27    8    4    2    2    4    4    8    8   11    5    7    6    9   15   24   13    8    6   19    8    5    2    6   14   11    4    5    3   11    7    8   10   14    9    8    8    5    7    4    9    7    2    4    1    2    4    6   13   11   12    7   17    8    6    6   16    9    4    4    2    3    3   11    5    3    4    4    5    6    5    4   12    8    7    7    3    4    6    4   15    9    7   13    6   12   20   14    7    8    6    9   11    3   10   26   16   25    6   12    9   15    8    3    6    6    6    5   16   12   11    9   16   20    7   17    7    8    2   18   17   10   11   12   21   32   11    8    9    9   10    4    4    5   13    9   20    6    8    4    4    7    5    8   11    6    8    6    5    4    2    6    4    3    7    8    6   10    5    7    4    5   10   10
NP = 9   18   18    8    8    8    6    8   30   23   22   30   28    7   27   18   12    8   10   25   29   28   39   12   26   24   25   32   39   17   16   26   20    7   15   16    6   15   16    8   11   17   19   17   17    8   10   11    8    5   15   18   20   21   30   26   16   13   19   16   12   16   11   12   27   26   24   24   11   10   17   23   12   20   15   13   20   26   34   12   17   23   18   13    7   17   13   12   15    3   15   14   34   34   21   38   26   15   12   14    8    8   12    9   12   23   23   22   13   12   14   15    5    9   12   10   16   25   20   10   16   19   25   11   15    8   10   15    9    8   12   16   24   15   18   18   30   20   14   27   21   22   14   19   11   25   32    9   17   14   15   21   23   28   16   15   20   29   21   34   22   22   13   16   28   23   28   21   24   24   14   14   16   35   17   13   20   27   16   22   31    9   15   19   28   13   32   35   27   21   12   32   21   29   25   16   14    5    2    7    9   17   14    6    6   23   16   18   34   17    7   11   17   25    8    5   12   20    9    8   14   20   21   12   10   12   25   15   23   19   16   14   19   23   25   13    9   12    7    4    4   22   19   17   16   16   16   31   19   19   21   15    4    7   10    5   22   12   10    6    6    6    4    7    8   16   18   23    4    7    4    3   11   17   22   15   25   15   13   21   39   23   21   14   11   12   11   26   28   28   31   12   28   18   23   30    9    7    4   11    8   15   30    4   20   20   26   14   32   24   28   13   22   19   12   21   12   24   29   17   24   19   26   33   11   13    9   22   22   38   21   12   12    9    7   32   21   23   25   26   14   10    4    7    7    5    3   10   18   18   16   14   10    9   11   19   18
NP =10    2    1    5   12   15   30   27   30   29   26   25   22   20   23   28   29   25   24   25   25   24   29   34   30   32   30   29   32   20   26   26   28   34   24   30   27   21   29   23   22   23   25   24   26    6    6   28   26    1   31   31   27   27   28   33   33   27   36   30   28   25   18   33   28   24   27   26   32   28   26   31   29   26   29   25   25   26   30   26   27    3    4    5    9    2   24   28   35   21   25   23   24   24   27   25   27   28   28   29   23   26   28   26   29   25   33   29   29   32    9   15   17   31   28   29   24   30   26   35   25   23   23   30   28   24   24   25   24   23   26   24   26   23   22   28   31   36   24   26   27   26   28   32   23   25   28   23   25   23   28   27   26   25   24   24   25   25   26   27   25   24   30   25   26   23   30   27   27   29   23   25   21   24   30   27   27   27   28   27    9   12   28   28   31   27   26   28   27   25   20   25   26   26   23   26   23   27    5    6   28   32   30   35    6   23   24   27   26   27   30   21   24   26   36   21   27   29   22   24   25   30   31   26   28   20   21   22   25   28   28   26   25   29   10   18   30   18   24   23   24   22   24   24   27   25   25   28   33   32   32    9   28   30   32    7   31   22   27   14   33   18   36   36   30   32   33   31   23   25   20   26   24   26   30    4    7   33   27   27   26   24    4   23   22   35   36   28   30   31   26   27   32   29   28   31   18    9   35   33   27   28   29   34   28   33   30   25   29   32   33    9   27   28   31   32   23   28   26   32   33   33   34   16   23    3   23   27   27   27   21   31   32   32   24   28   25   27   29   31   12   19   29   27   23   30   36   23   25   26   25    9   18   24    2   32   31
NP =11    5    4   36   35    8    3   30   32   33   25   25   27   25   28   30   27   25   23   25   26   26   31   36   27   33   31   30   32   35   23   26   26    1   29   27   35   26   29   29   18   24   25   27   29   12    6   28   24   23   36   32   26   26   29   34   34   28   36   34   30   29   26   35   26   26   26   26   32   30   28   26   33   25   28   29   26   30   34   25   26   28    4    6   12    8   30   27    2   23   25   23   25   25   26   26   28   29   28   30   34   26   26   28   28   26   34   30   30   30   10   11   18   26   27   30   24   32   26    1   27   24   25   28   25   36   30   23   35   23   25   26   26   26   29   27   35   36   27   28   25   29   24   34   26   26   26   30   26   26   28   27   25   25   25   28   25   26   31   24   27   26   27   27   27   26   34   29   30   31   26   23   23   21   32   28   30   29   28   27    4    7   27   29   33   28   28   29   27   28   27   26   28   25   25   27   27   24   36    5   20   36   29   24   27   33   26   26   24   25   29   32   24   24   35   28   27   25   19   26   28   33   32   32   32   21   21   25   26   29   29   28   26   31   35   34   36    1   34   18    5   19   24   25   30   26   27   24   36   32   33    3    8   24   26    9   32   27   26   28   32   32    9   11    1   35   35   36   24   29   24   24   20   26   26    4    5    2   28   28   26   26   22   16   18   23   34   32   30   30   27   32   34   30   28   31   27   18   36    2   31   30   26   36   36   36   34   29   29   35   36   35   28   31   30   34   26   27   26   34   36   33   36    6    4    6   20   28   30   28   30   30    2   36   29   29   28   27   32   32    2   32    2   29   24   30    3   24   26   29   22   28   29   23   30   33   30
NP =12   21   14   13   10   11   21   25   15   41   53   57   31   20   28   44   26   26   33   41   23   58   12   19   27   10   15   31   20   13   28   34   34   21   16   28   11   28   17   17   17   14    8    9    9    8    4   34   30   24   20   20   35   23   36   -2    8   20   12   12   24   19   20    8   26   15   18   16    7   12   17   10    4   21   14   11   25    5   -5   27   13    8   -4   -2    3    1   10   29    8   15   25   18   18   13   20   21   16   25   22   15   17   23   20   22   18   21    8    9   28   32    8    2   15   14   18    4   24   16   35   14   28   33    0    3   15    6   34   19    6   31   31   30    7    6   -4   21   -7   25   46   49   38   17   15   11   23   30   37   15   29   28   20   41   25   14   16   22   45   11    3   16   12    4    4   11   29   10    0    9   10   27   30   32   14    8    5   18   27   40   23   21   -2   24   26   16   11   32   15    5   20   18    9   15   20   24    4   11   -2    1    5    3   15    5    4    7   -2    1   29   30   12    3    8    6   35    3    1    3   19    3   39   29   34   15   27   37   41   20   19    1   15   26   21    7    5    5    2    4   10    9   18   27   22   37   33   18   17   40   17    4   -6    3    5    2   12   29   12    7   17   35    2    8    5   11    4   -2    3    0   -4    9   11   18   19   22   25   21   18    2   -5   17   28   37   17    4    4   -6    3   -6   -6   -2    9    3   14    8    8   24   25    7    4    6    8    2    9   -1   20    1    6    4    5   16    6   -4    3   10   40    5    3   11   51   27   38  -11  -26   11  -11  -16   12   27   28   27    0    4   -8    4   -5    8   32  -11    9   23  -15  -12  -18   -2    7   17   23  -10    5   18  -11    4   29   -2   -7    3    8   -4    6
NP =13  -38  -46  -43  -48  -44  -29  -21  -37    4   21   14  -32  -41  -27  -16  -33  -33  -24  -13  -43   -1  -55  -39  -38  -57  -49  -35  -46  -53  -32  -26  -30  -41  -51  -33  -43  -36  -50  -50  -38  -39  -48  -45  -46  -35  -52  -11  -10  -18  -29  -24   -6  -22   -9  -56  -39  -27  -41  -36  -22  -28  -29  -46  -26  -37  -35  -36  -45  -40  -35  -44  -50  -30  -34  -42  -22  -49  -61  -17  -39  -47  -58  -59  -52  -55  -45  -21  -47  -39  -22  -34  -35  -38  -31  -28  -29  -13  -22  -30  -27  -21  -18  -23  -29  -28  -40  -30  -25  -10  -43  -52  -32  -27  -26  -42  -18  -43   -9  -33  -19  -11  -55  -53  -34  -47   -8  -24  -49  -18  -12  -20  -50  -49  -52  -25  -61  -17    6   25    0  -34  -31  -39  -19  -10   -9  -33  -12  -11  -22   -2  -26  -38  -35  -27    8  -44  -51  -37  -40  -50  -50  -44  -26  -43  -59  -45  -43  -18  -16  -13  -41  -47  -52  -29    0    4  -23  -29  -42  -26  -15  -30  -38   -4  -38  -47  -32  -32  -44  -39  -26  -22  -51  -43  -58  -48  -42  -47  -29  -50  -49  -45  -55  -54  -18  -13  -40  -51  -48  -47   -8  -53  -55  -53  -31  -52    2    7    6  -29  -16    0    9  -28  -28  -53  -35  -16  -27  -46  -51  -48  -50  -45  -37  -36  -25  -11   -9    3   -9  -32  -31   -1  -34  -52  -63  -52  -53  -54  -40  -11  -39  -49  -39   -8  -55  -48  -52  -43  -53  -59  -50  -56  -60  -47  -33  -19  -21  -21   -9  -16  -32  -52  -56  -13  -14   -6  -34  -48  -50  -61  -50  -60  -59  -48  -37  -50  -37  -42  -46  -24  -17  -48  -50  -47  -46  -57  -40  -53  -34  -53  -47  -45  -49  -36  -50  -59  -52  -45   18  -37  -38  -29   25  -12  -10  -65  -84  -29  -68  -72  -30   -6  -12  -11  -54  -50  -61  -48  -57  -36   -5  -69  -49  -23  -73  -67  -76  -57  -43  -32  -26  -67  -47  -34  -69  -49  -19  -57  -66  -53  -46  -62  -48
NP =14   19   39   66   62   57   80   93   84  113  123  110   90   97  111   63   98   95  128  103   58   87   29  106   39   91   28  104   82   93  120   66   45   77   81   36   65   86   32   82   85   63   38   81   45   46   59   51   57   60   77   76   84   34   20   49   89   70   37   96   96   54   15   45   20   62   57   70   16   72   73   42   86   98   29   59   97   99   50  121   66   71   37   51   73   53   70   49   63  101   65   52    1   17   52   50   74   57   72   65   68   76   86   62   56   54  101   82  102   25   39   70   89   80   72   68  129   98   98  101  128  140   76   75   46   87  119  100   98  126   51   69   19   97   59   77   31   90   77   58   50   34   38   79   83  115   52   89  105  100   71   97   51   22   63  109  134   73   62   66  104   53   30   89   61   96   93   34   33  105  110  111  101   51   71   83   97   96   68   65   44   76  101   66   77  132   99   78   86   81   63   73  106   51   63   87   89   82   84   72   99  102   40   39   54   83  126  112   26   42    6   99   84   75   80   85  102    9   97  104  102   67  119  113  117   85   62   69  102  106   78   86   53   57   81   93   99   90  110  116   97  128  110   81   83  140   97   36   49   86   32   80  114  119   60   60  114  104   60   62   65   79   60   69   68   52   55   56   95  112   96  102  102   99   55   73   79  133  123  118   59   74   57   61   72   27   68   53   58   69   48  104   92  105  106   51   67   15   49   70   61   26   21   30   60   71   52   80   53   59   50   95  149   90  123  120  142   87  135   73   54  115   45   84  123  133  131  119   86   94   93  103   88  120  137   44   84  113   68   81   81  121  119  122  122   79   95  114   45   94  133   45   79   70   20   69   63
NP =15  154  164  149  163  143  161  176  156  146  199  225  174  178  202  200  198  207  234  269  183  202  184  174  177  167  174  214  170  166  191  198  180  182  186  182  149  163  194  188  198  185  197  175  186  202  193  111  118  144  178  149  146  152  142  185  154  144  184  193  212  202  160  192  145  175  169  171  185  191  195  177  172  186  181  195  203  206  191  217  231  177  178  191  202  188  188  217  165  186  196  222  165  135  165  153  165  122  150  175  159  161  184  171  171  163  201  195  145  144  157  190  203  216  227  199  231  175  220  200  244  202  173  184  196  197  246  207  136  248  197  216  206  169  208  175  186  188  204  152  155  161  193  195  189  176  157  202  209  202  200  204  185  155  168  193  215  194  195  187  202  192  193  200  192  201  197  209  169  196  232  206  172  221  152  160  173  169  175  198  197  188  195  167  185  215  200  171  132  181  168  177  202  234  162  159  165  193  207  198  229  192  180  182  200  191  240  234  227  200  191  211  213  171  182  184  238  190  191  195  162  177  169  178  169  177  187  153  178  158  187  195  155  183  194  174  171  178  194  215  228  258  221  206  208  270  203  203  188  200  179  198  208  234  215  211  152  233  173  184  188  195  236  229  247  215  183  184  196  219  176  173  184  192  150  201  206  203  198  204  202  150  173  160  204  196  198  195  175  225  198  176  175  196  250  150  171  192  212  204  218  211  165  185  184  191  217  257  170  191  198  190  197  191  209  219  187  180  199  216  188  167  174  185  159  174  200  219  178  201  173  192  199  198  218  169  141  206  177  196  182  196  189  193  201  180  196  201  170  165  194  206  170  195  156  163  197
NP =16   24   21   14   15   12   10   10   11   17   22   22   15   11   17   11    8   11   18   19   11   12   19   13   20   14   12   15   17   16   16   10   14   18   11    9    7   11   10    7   14   12   13   12    9   13   10   13   12   14   10   12   15   12   13   10   11   12   14   15   10   10   11   10   13   13   10   13   19   10    8   26   13   11   15    9   15   16   12   15   13   17   12   11   10    9    8   12   13    7   16   13   17   18   16   13   15    9   13   13    7    6    8    7    9   10    9    8   14   14   16   10   10    6    8   13   17   10   10    8   11   10   19    6    6    6   14   12   11    8    8   10   15    5    9   18   15   13   17    8   14    9   14   10   17   12   10    9   13   13    7   14   15   15    9   10   13   10    6   17   11    9   13    8   11    9    8   12    9   13   12   12    8   18    6    8    9   13   11   12   16   10   10   14    7    9    7   14    9   14   11   11   11   18   17   16   12    7    5    7    7    7   15    9   12    9   15   12   12   13    8   10   15   15    8    5    8   11   20   15   13   15   10   13   14   15   18   16   12   11   10   10   13   12   17   14   11   12   11   14   12   15   12    8    4   15    9   17   12   11   13   14   11    9    6    5   10    7    9    7    5    8   11    7    7   14   11    8    7    8   12    7    6   11   21   18   16    6    6   10   23   16   22   17   13   12    6    8   12    9   12    7   11   13    8   17   10   10    8    7    8    8   19   16    4    8    8   11   14   11   14   13   13    9    6    8   10   10   17   10   15   13   22   16   10    7   11    9    8   13   12   12    7    7   11   19   12    7   12   18   17   14    7    8    9    5    5    9    6   11   11   14   13    8    5    7    9
NP =17    4    3    4    3    5    6    6    5    6    7    9   13    9    8    3    4    6    8    7    6   12    4    7    2   10    4   10    4    7   10    8    3    3    6    2    7    7    1    6    8    8    5    6    6    3    2    5    4    2    5    5    7    4    3    1   10    9    5    6    6    3    2    3    2    7    4    8    3    8    7    7    8    9    9    6    8   13    3    8    6    2    3    7    7    6    8    3    2    7    2    3    5    5    3    8    2    5    4    4    7    7    7    2    2    8    6    5    7    3    4    6    6    4    4    5    7    5    4    3    6    7    8    6    3    5    5    4    6    7    3    3    3    6    9    5    3   10   10    7    2    4    4    5    9    7    1    6    7    6    3    3    3    2    7    7    6    5    7    3    8    4    3    9    3    8    7    5    6    3    6    4    7    7    4    4    4    3    5    2    3   11    5    4    2    7    6    8    6    4    7    5    6    5    5    2    5    5    4    4    6    9    2    3    3    7    5    4    2    4    3    7    3    2    6    6    6    2    7    6    6    7    6    5    3    4    3    7    6    5    2    5    3    5    5    6    4    5    5    5    5    5    5    6    5    6    7    4    4    8    3    6    5    7    3    5    4    3    3    4    3    4    2    3    4    6    4    5    8    7    8    6    5    6    3    3    5    9    9    5    3    7    5    5    4    3    6    5    5    4    3    9    6    5    2    2    3    2    2    4    6    2    7    3    5    2    3    6    2    4    3    3    6    5    4    3    7    3    6    3    2    8    4    6    9    7    7    6   10    4    9    3    4    5    7    2    6    2    7    6    5    7    5    4    5    4    4    5    3    6    5    2    5    3    3    3    3
NP =18  472  474  476  477  481  484  488  488  502  509  505  495  491  499  499  501  503  506  513  504  513  492  499  494  493  493  499  493  505  511  509  501  494  500  503  504  510  505  509  513  504  502  502  500  494  499  489  491  486  490  493  496  493  490  481  493  495  493  504  506  504  501  499  494  493  495  494  485  492  498  484  488  497  496  497  504  495  491  505  509  479  482  488  492  499  506  507  503  507  510  512  483  480  482  482  482  491  490  487  490  494  496  496  494  498  491  495  500  498  496  502  507  506  505  500  508  504  509  513  517  518  494  497  499  508  516  515  507  513  510  514  504  508  471  472  465  488  500  500  493  486  478  487  496  496  492  494  502  505  504  511  503  490  491  504  509  498  488  492  494  495  494  501  500  496  499  506  497  507  513  516  510  502  504  497  497  496  494  490  481  492  491  484  488  494  494  484  496  485  489  497  496  498  494  492  496  497  500  501  504  498  480  479  481  497  506  507  504  492  489  506  504  496  502  506  510  502  497  495  494  491  495  497  501  502  493  492  494  499  496  499  491  491  493  498  499  500  502  505  509  512  511  509  512  517  506  488  486  498  495  502  508  510  508  508  510  512  509  511  511  513  506  507  509  513  496  500  481  486  490  494  493  493  480  481  486  495  498  492  483  483  473  477  478  475  483  492  504  504  506  496  501  508  510  496  498  497  496  501  505  504  492  482  491  502  506  515  496  498  503  508  496  493  498  502  504  499  500  479  479  486  485  488  494  499  504  503  490  485  488  488  493  499  507  496  504  503  487  490  494  500  503  506  509  507  510  512  507  511  514  512  515  515  512  511  513
NP =19   18   15   15   15   12    9    7   10   11   15   14   12   10   11    6    6    7   10   12    8    9   14   10   15   13   11   12   13   12   12    6   11   16    9    7    8    8    8    5    7    8    9    9    7   14   10   11   11   10    9   10   11   11   12   11   10   10   11    7    6    6    8   10   11   12    9   12   16    8    8   20   12   10   12    8   10   12    7   10    8   17   11   11   10    9    6    8   12    7    9    9   12   13   12    9   10    6    9    9    6    4    4    6    7    7    6    6    8    9   12    7    6    3    6    9   13    5    8    4    8    7   14    5    5    4   10    8    8    6    4    8   10    4    7   12   10    9   11    5   11    7   10    7   12    8    7    6    8    8    4    9    9   11    6    7    9    7    5   12    8    6   10    6    8    7    7    9    8   10    9    7    6   13    3    4    6    9    7    8   12    6    9   11    7    6    6   11    7   11    9    8    8   11   13   13   10    8    6    6    6    4   12    9   11    6   10    7    6   10    7    7   11   11    7    5    6    7   10    8    9   11    6    7    5   11   11   12    8    8    7    7    9   10   13   11    9    8    6    8    7    9    6    5    2   11    5   12   10    8    9   10    6    5    5    4    6    6    6    4    4    7    8    7    5   10   10    7    5    5    9    5    5    7   15   14   11    5    5    8   16   13   16   13   10   11    5    5   10    6    8    5    6    7    6   12    9    9    7    5    5    7   15   14    6    4    6    8   11    9    8    9    7    7    4    5    8    7   13    9   11   10   15   11    6    5    6    5    7    9   10   10    6    4    7   14   10    6   11   13   12    9    5    4    6    4    2    6    4    7    8   10    9    4    5    5    5
NP =20   12   13    8    8    7    4    4    5   10   15   14   11    5   12    8    4    4   10   14    5   10   11    4   11    9    7    9    9    7   11    5    7   11    5    6    5    7    9    4    7    7    7    7    5    9    6    6    6    6    5    4    8    6   10    7    5    5    9    8    4    5    6    6    7    6    6    7   13    6    5   13    6    7   10    4   13   13    7   11    9   11    7    8    7    7    4    6    7    4   10    6    5    6   11    7   10    8    5    6    3    5    6    5    7    9    7    8    5    7    8    6    6    4    6    9   13    3    8    3    8    7    9    4    5    3    8    9    5    5    6    8   10    4    6    8    8    7   10    6    9    6    8    8   13   11    4    4    9    8    6   10    7    8    6    8   11    7    8    6   10    5    5    7    7    9    9   10   10   11    9    9    6   12    5    5    4    6    6    7    7    6    5    6    7    7    8    5    4    5    5    8    8   10    7    7    6    5    5    5    6    4    8    5    8    6   11    9    6    8    5    7   12    8    5    3    6    7    8    6    3    7    4    4    6    6    6    5    4    4    4    5    7    6    8    6    5    6    5    7    6   10    2    3    3   10    4    8    7   10    6    6    5    4    5    4    2    5    5    4    4    6    6    6    6    8    8    4    5    6    5    4    5    5   10    9    8    5    6   11    8    7   11    9    6    8    2    6   11    7    6    4    4    6    5    7    6    8    6    5    6    8   12   11    3    6    7    7    8    6    5    6    9   10    5    5    9    5   12    7    6    5    8    8    4    2    6    7    4    6    5    6    4    3    7    9    8    6    7    7    8    7    3    3    5    3    2    6    4    5    7    6    7    3    5    3    4
NP =21    9   11    5    4    4    3    5   10   10   14   17   13    5   14    9    7    5   10   16   10   15   17    8   11   12    9   16   11    3   10   10    8    8    3    5    6    7    9    4   10   11   10    7    9    5    4    6    5    5    9    8   10    9   14    5    7    4    7   11    6    6    5    8    9    7    9    9   12    8    8    9    4    6   10    5   15   15   10   10   10    9    7    7    6    8    7   10    8    3   11   13   12    8   14   13   15   11    6    8    5    7    7    6    9   10   10   14    9    8    8    6    4    5    8   10   14   13    9    5    9   12    7    5    6    4    8   12    7    6    8   11   11    4    7    9   10    7    9    8    9    8   10    8   12   15   12    6   10   11    9   12   10    9    8    7   14   11   11   12   13   10    8    9   11   12   13   13   10   11    8   11   10   13    7    7   12   11   10    8    6    4    8    8   12    9   13   12   10    7    5   10    9   16    7    4    3    2    3    3    8    8    8    4    4    6   11   11   13    8    5    6   13    6    4    2    8   11    8    7    4    3    7    5    8    8    8    6    6    6    5    7    5    9    3    2    2    1    2    6    5   10    9    7    6   12    7   10    7   13    9    4    3    3    4    5   10    7    2    2    3    3    5    3    5   10    8    6    7    6    4    5    8   10    5    9   10    9    8   14   11    7    4    5    4    7    5    9   15   15   11    5   12    6    9    9    4    4    8    7    7   11    8    9    8   10   13    8   12   10    8    4   12   14   11    8   10   11   13   10    8    9    9    6    4    3    6   10   10   13    4    6    3    4    6    8    6    7    9    8    5    3    2    3    5    2    1    6    7    5    7    4    3    4    4    7    8
NP =22   14   14    9    7    5    6    8   25   15   16   22   18    6   22   15   10    7   10   21   18   20   34   14   25   25   25   27   25   14   17   18   14    7    9   12   14   10   10    6   14   19   16   12   13    8    7    8    9   10   15   16   15   15   25   15   14   11   11   13   12   11    9   15   20   17   17   19   11   11   16   20   11   11   12   10   17   20   20   11   15   16   13   12   10   12   11   13   14    3   15   21   27   23   20   25   23   15    8   13   10    6   10    8   10   14   17   22   14    7   12    7    4    5    9   11   14   26   12   10   13   16   20    9   10    8    7   16   13    7   11   13   19    9   18   15   23   15   10   14   14   15   17   15   13   22   20    9   12   13   13   17   23   21   14   11   22   22   19   27   20   16   17   16   22   21   23   17   22   14   10   14   15   24   12   11   20   18   15   12   14    7   12   19   22   12   19   27   19   18    9   20   13   26   19   10    6    4    3    5   11   16   19    8    4   16   13   16   26   19   12   11   19   15    8    5   12   20    8    9   11   12   13    9   11   13   22   14   12   14   11   11   15   21   16    8    7    7    5    5    4   13   14   13   12   15   12   20   11   19   19   10    4    5    7    7   20    9    7    4    6    7    4    5    9   12   15   18    6    7    6    3   10   16   14   15   15   12   10   19   27   23   16   16   13   10   10   18   22   23   19   11   28   14   14   22    6    6    6    8    8   13   20   12   18   16   21   13   27   23   20   13   15   19   15   13   13   17   19   20   18   20   22   19   11    8    7   16   18   27   17   10    8    6    7   26   12   15   22   24   17    6    5    4    8    5    3    8   13   10    9    9    6    7    8   15   13
NP =23    0    4   -1  -13   -2   10   15    9   27   34   83   -7  -46   85   39  -14  -20   70   94  -56   27   23  -18   -5  -26   10   74  -40  -46   55   43  -18    1  -39  -30  -47  -47   50  -31   44   81   97  -38   53  -33    4    6  -19   22   77   -8    6  -13   17    2    1  -20   -4   61    4   40  -17  -30   -2  -10    8   41   40    7   86   -5   -8  -21   62   -5   85   61   51   44   75  -13  -16  -29  -37  -25  -38   66    5  -39   62   96  -69  -55   36    9   86   26  -10   -1   -8   11   41    1   28   -3   41   97  -39    2   -2  -13   10   23   47   68   79  -17  105  -25   34   76  -38   13   16  -27  -23   92  -64  -28   67   99  122  -37    7   15   27   -5   32   22   10    7   53   23   18   81   -2  -15   23    9   24   25   43  -37   -7    0   77   55   78   60   71   43    5   93   65   84   63   91   -5   47  -23   -3  -17  138   -7   37   34   51   56   68   53   10   30    1   32   65   44    7  -27   -2    8    0   60  155  -55  -52  -33  -33  -37  -42   22   -2   73    1   12   44   33   88  121   84   21  -31   93  -42  -24  -41   22   92   21   30   -3  -34    4   -4    4    4  -38  -36  -15  -25    1   37  -46   11  -41  -27  -27  -39  -15    9   14   51  -31  -27   14   82  -24   11    8   67  -31  -43  -22  -32   10  -32  -39   -1  -43  -57  -56  -44  -65  -32    8   50  -16  -31   43   21   -9    8    1   55  -53  -17   21   43   25   86  -56   -1  -61  -29   39    4   16   55   81   38    3   -8  -19  -14   52  -77   10   22   32    9   38   60  -18   -8   35   59   86   41   41   22  -28  -58   84   62   74   40   63   46  157   45   -1  -19  -47  -35  -12  -21    4   45  -33   71  -43    4  -32    1  -10  -78  -33   37  -31  -36  -52  -53  -41   -1   49  -49  -33   33  -39  -57  -11  -48  -18   15  -19  -34   11
NP =24   11   24  -10  -10    0    1   22   17   26   23  141    5  -22  125   50   -7  -11  128  137  -56   29   64   14   -8   12   10  108  -29  -24   46   68    3   17   -4   -7  -14  -15   71  -11   47   51  105  -27   57  -44   10    8  -18   31   55    8   17  -13   33   15   18  -11    0   42    5   43   -7    0   14   -3   29   47   59   29   96  -11   -9   -2   75   23  104   93   41   55   92  -37    3    4   -5    4   -3   95   18  -25   78   71  -60  -45   35   23  111   45   -5   15    6   20   36   19   32    8   38  117  -21    2    2    3   13    6   44   88  103    0   99   10   38   98  -52   -2   27   -3   -2   77  -27  -23   92   78  136  -33   21   15   53    6   36   32   18   17   58   33   19  107   21   -4   26   11   38   16   60  -23  -16   -1  116   56   95   64   74   65   18  132   57   98   44  119   16   47  -14    5  -42  171   23   34   46   34   63   65   57    9   37  -18   28   74   53   21  -15  -14    9    3   66  182  -53  -48  -24  -15  -12  -18   24   12   54   -8  -22   55   29   85  150   87   27   -3  108  -31  -16  -26   27   85   14   40    4  -31   13    8   18  -23  -35  -34    1  -11   15   13  -37   30  -19  -21  -22  -26    7    5   38   30  -10  -19   22  122  -21   -1  -12  109  -28  -20   10   -7  -15  -10  -30   13  -16  -45  -28  -23  -45   -1   -3   78  -12   -6   54   42    5    8   21   94  -39  -11   10   42   28  122  -54  -21  -66  -17   32   23   15   69   98   39   21    9   -2  -23   55  -75   15   19  -19   25   29   56  -22  -20   31   61  103   42   69   17  -29  -34  120   94   59   42   51   59  184   36    9   21  -35  -36    1   11   13  114  -20  115  -15   -5    1   20    6  -82  -28   70  -26  -16  -23  -33  -24  -21    5  -15  -18   49   -7  -27   -4  -26  -14   24   -2  -33    8
NP =25  -94  -32   10   18   16    4   16    4    8  -32   29   27   14   42  -23    7   55   91   76   26   26  -94   47   -6   18  -15 -109  -34   37   30   44  -60  -18   28   -6  107   32   75   41   42   43   13   53   39  -20    0   10   23  -19   18    2   21    6  -17   11   20   10  -25    3    8   31  -15    4  -40   37   -5   48  -37   19   53 -106   44   40   95   53  117   70   25   58   76   19   23   31   35   27   25   73   27   43   84   70    2   41   13    4   -4    7   -4   -2   16   21   20    8   41   32   14   46    1  -14  -33   33   23   39   29   39  151   17   12   29   31   94   10   20   32   66   46    8   54   79   72   46   45   41   24    9    8   33   13    0   12   21   27    5   22  107  -11   25   51   11   39   28   41  -12   18   23   25   23  116   57   71   94   16   99  -10   13   16   74   26   16   28   53   21  163   20   24   18  -18   44   52   38   32  -18    0   12   14   36   31   45   18    4   48   34   98   20   24   12   15   35   76   11   30   28   -4   22   62   28   92  157  111   21   41   90   16   30   38   27   58   38   19   22    9   11   26   40  -26   30   34   17    9   13   36   15   13   62    5   19   28   31   52   52   12   60   17  -11  114   30   -7  -43   26  -29   32   32   43   16   51   25   -8   28   22   55   30   17   66   35   -2  -32   11   45   18   16   21    2   46  -17    4   -1   19   25   53    5   17    4   14   74  -57   45    8   53   30    8   26   22   32   40   17   10   77  -30   18   74   18  -12  -44   67    5   54   28   32  -10   31   33   46   40   34   35   17   40   51    7   -1    1   -8   26   15   22   25  124   11   73   27    7   49   27   33  -16   22   10   -1   27   42   17   49   68   57   40   50   64   49   34  148   30   13   37   13   29   42
NP =26    3   -5   -3   -9  -10   -3    7    4    4   13   30   18   10   17    8    7    4    5   21   18   22   13   13   15    0   11   28    5   -1   19   15   15  -10    7   12    1   14   -4    1   10   17   15    8   10    7   -4    4    7    2    6    5   10    6   13   -6    3    2   -4    6    8    6    2    6    6   12    9   11    0   10   16    7    5   12   26    5   12   21    1    7   18  -11  -13    1   -3   -3    8    4   -2    2    0   21   11   11   12   14    3    3    2    0    4    3    3    4    1    4  -10    5    5    6   -3   -9   -8   -7    1   -9   -6    1    0   -6    1    4   10   -5   -3   -6   -6   -3    2   -1   -4   -1    6    1    1    2   -4    2    2    3   10    1    1   -3   -2    8    8   -3   -5   -7   -3    0    6    0    7    1    7    7    0   13    5    6    6    9    7    7    1   -1    7   -5   -7   13   -1    6   -3   -1    4   10   10   11   -6   -1    1    4   -8   -5    7   -3   10    2    7    2   -5   10   10    0    5    4    2   -4   -5    3   -5   -7   -6   -1    0   -5    9    3   -4    1    4    0    1   -1   -3    0    4    5    9    5    6    7    3   17   18    7   10    9    4   11   -2   -2    2    5    6    1    0   -5   -8    0    8    7   -3    1    3   -1   -8   -1   -1   -2    0   -4   -3   -8    1    5   -8   -3   -3    4    0   -5   -7  -12   -2   -1    6    6    5    3    9    8    6   -1   -1    8    7    7   15   11    3    7    8   -5    0    4   -4    4    3    4   -1    0   -2   -5    2    5   -2   -9   -6    0    4   -5    0   -5   -6   -4    0   -2   -3    0    3    4    2   -2    3    6   21    6    1    6    2   -8   -1    1    4    2   13   10    9    5   -2    0    1   -1    4    1    0    6   -3    9    4   -2    2   -3   -6   -2   -6   -8   -5   -4   -2   -5   -7   -3   -2
NP =27   46   46   41   43   42   48   48   41   39   43   48   37   51   49   54   53   49   50   47   53   50   43   48   54   46   51   51   45   41   47   51   54   49   46   52   45   51   50   56   56   57   53   53   52   55   54   51   52   56   44   47   51   53   52   49   41   50   55   43   49   50   50   53   53   56   55   57   58   54   55   53   49   49   54   52   49   46   54   51   49   58   57   54   56   52   50   55   50   55   53   51   41   43   50   49   45   47   50   54   54   54   51   56   56   48   49   51   51   52   49   48   48   53   54   56   52   46   48   39   47   46   44   50   52   46   40   48   42   46   52   52   50   49   42   59   44   35   37   41   56   52   59   47   47   51   53   43   44   48   50   49   49   53   54   51   49   52   43   52   48   53   56   54   46   49   42   49   45   51   53   50   52   52   49   49   48   53   55   56   38   40   47   55   48   50   45   31   41   43   50   48   49   53   44   48   46   46   47   49   50   42   54   60   58   39   49   51   49   57   56   47   53   51   40   50   53   52   39   39   42   43   48   50   45   42   41   49   49   43   52   52   52   51   35   39   42   45   47   51   44   44   43   51   47   48   54   52   47   50   49   37   38   50   52   50   44   49   48   51   53   48   48   51   52   52   48   44   45   41   41   44   49   53   57   50   34   43   49   46   47   43   54   54   60   58   50   53   42   49   50   48   44   48   47   45   47   50   53   52   53   53   56   57   48   51   45   53   51   50   48   45   50   51   56   48   50   52   53   53   52   45   42   28   38   35   43   42   47   46   37   50   44   45   50   38   33   48   44   47   39   41   39   48   50   51   51   54   54   52   51   50   51   54   50   50   51
NP =28   77   63 -124  -49   20    9   27   41  139  135  125  -33  -12  178  190  111   40   96  114  163  103   94  -39   39   13   75  191  -42 -115  140  210   76   95   95   -9   13   56  139  159  332  179  147   81  164  279  260  184   98  180  126   60  204  181  235  -10   59   99  219  169   85   90  215   68  282  191  201  294  220  113  272  -16 -133    4  177   55  119   40  105   89   42  248  258  109  193  165  115  169  141  115  237  267   14  -22  125  109  104  144  111  114   39  276  197   94  319  205   84  171    1  248  188  192  190  275  195  315  125  109  165  124  159  149  -61   70   76  -34   78   13 -109  -26  195  186   22   32 -113   39  -28  -67  127  138  322  167  126   46  151  174  280   44  105  164  215  221   59  177  154  227  153  187   63  161   89   81  125  230   60  -13  175  212  155  195  202  200  168  114   96  156  170  280  253  134    0  -56    4    8  102  112  142  -13  -17 -100  -17  167  109  175   98  -49  -97  -25   34  -47   40   19   55  238  115  137  113  175  153  309  172  -23  204   84 -113  -10  156  112   23  -15   75  -52   90   89  117   36  156   51  125  112  131  193   20   59  -91 -155 -157 -105  -11  -31   59   25   42  192  147  178  198  -15   -7  134  -72 -115   46   61  138  140  -56  146   96   23   68  -10  177  166  125  263   63   24  -35  -24  -15   -2    3   55  155   57   21   85  110   73   -4  -16   41  157  162  135   47  179  212  207  249  111   58  -49  188  -26  150    0   19  181  274  282  165  196   95  230  251  230   97  101   87  -48   34  130  191  107   70  154  225   47   82    1 -117    1  -81   -7   45   -5 -137  -22 -154 -130  -95   74   51  -18  -61  148 -176 -145 -127 -210 -160 -120   82   21  130  259  228  100  151  146  258  367  280  -12  277
NP =29   38   39   32   36   35   37   39   39   33   33   48   38   46   45   50   49   45   45   44   49   45   40   44   48   44   48   48   44   37   47   50   52   47   44   49   43   44   48   52   50   51   48   49   48   50   50   45   47   48   38   38   46   49   46   41   35   46   49   37   41   49   50   49   49   50   50   50   48   46   47   46   42   46   49   44   44   41   46   40   44   48   48   47   46   49   47   49   48   50   50   50   37   37   43   43   40   42   44   47   45   45   45   51   51   46   43   45   42   50   47   42   46   50   50   49   42   44   49   38   42   40   42   45   48   42   36   43   38   40   50   51   47   46   33   45   35   30   25   37   50   46   47   42   40   45   47   38   35   40   48   49   49   47   48   40   47   46   40   48   45   48   49   44   45   43   44   48   45   49   48   44   47   47   46   42   43   49   48   49   33   28   42   46   44   40   42   30   42   41   45   47   44   48   43   44   44   43   44   44   44   41   45   48   48   38   42   48   49   50   48   42   49   49   39   47   49   50   29   34   38   40   44   43   45   38   41   42   42   44   48   46   47   45   34   36   39   38   39   41   41   36   36   50   45   43   44   45   43   46   46   30   37   44   51   49   41   47   48   51   51   47   47   46   51   50   45   42   40   36   35   37   42   46   47   43   27   42   43   41   40   37   44   44   47   45   43   46   44   46   50   39   43   41   47   43   46   48   47   49   49   52   50   48   43   50   46   48   48   47   46   36   38   47   42   42   40   49   49   44   42   42   39   30   32   36   38   38   43   40   36   45   42   41   40   40   38   47   41   41   29   38   38   43   44   48   47   50   51   49   46   51   51   54   53   47   51
NP =30 9999 9999 9999 9999 9999 9999 9999 9999 9999 9999 9999 9999 9999 9999 9999 9999 9999 9999 9999 9999 9999 9999 9999 9999 9999 9999 9999 9999 9999 9999 9999 9999 9999 9999 9999 9999 9999 9999 9999 9999 9999 9999 9999 9999 9999 9999 9999 9999 9999 9999 9999 9999 9999 9999 9999 9999 9999 9999 9999 9999 9999 9999 9999 9999 9999 9999 9999 9999 9999 9999 9999 9999 9999 9999 9999 9999 9999 9999 9999 9999 9999 9999 9999 9999 9999 9999 9999 9999 9999 9999 9999  118   95   40   55   59   73   37   10   14   10   -5  -17  -19   55   30   13   37    8   36   30   16  -24   -9  -12    7   40   16   57   -1   11   58   13    4   22   48    9   49   10   -9  -16    2    6   92   14   69  161  140  103    4   34   -9   55   41    1   10   72   46   16    6    4    0   23   18   19    3    8   64   39   32   12   -1   15   38   23   60    4   61   -2  -17    1   -1   -1   19   32   41   -6  -14    4  135   98   43   18   21   -8   47  155   98   72   41   58   21   -6   70   46   48   44   31   17   14   67   13   -9   -2   93    9   -2   12  -15    3   36   -8   20   84   14  -11   -1  107   78   76   95   48   20   52   71   87   42   32   66   13   -1   29   17  111   83   61   39   30   17   31   27   37   -2   17    5  -18   21   58   15   31   81   65    3   -7   11   40    6   21   -4  -19   16   21   12  -15   -7   23   59   62   65   75   65   24    3   19   52  125   62   25   34   75   82   19   23  -11   15   54   18   53   28    5   37   69   39   24   70   44   28    1    5   -3   -7   -4   -2   39   -2   29  -35   16   17   37   37    3   14  -22   16   15    5  -11   15   43   63   90  146   89   79   50   34   40   51  100   33   60   42    7   94  117   17   54   35   74   45   52   12   -2    2   -2  -18  -19   -5   -3   -2  -13  -34  -10   -1  -12
NP =31  933  891    0    0    0    0    0    0    0    0    0    0    0    0 3168 1443    0  692    0    0    0    0    0    0    0 1799 1289    0    0    0 2038  281  157    0  948    0    0  712 9999 9443 2736    0    0 3149 2681 2261    0    0 1192    0    0    0    0    0  630    0    0 2078    0    0 1113  550 2759 2448 4515   77 3751 4687 1579 3230 1704    0    0 5032    0    0    0 1164    0  321 2882 1620  782 1806 1670    0 9365  414    0    0    0  226  275   16    0   31    0    0    0    0    0 4646 7858 9999    0    0    0    0 3825   87    0    0 7417    0    0    0    0    0    0    0    0    0  399  813    0    0  154    0    0 4923 2129 1333    0    0 1357  279    0    0    0 2180    0 2653    0    0 1994    0    0    0    0 1988    0  365 1539  892    0    0   83  189 1053    0  814 3337    0   54    0    0    0    0    0    0    0    0    0    0    0    0    0    0 2049  399    0  191 2072  122    0    0    0    0  290   30    0    0    0  100   58    0    0    0    0    0    0  790 3436 2017    0    0 1699 1134 3268  875    0  718  925    0    0 3665  698    0    0    0  191    0    0    0    0  192  101    0    0    0  351  462  162    0    0    0    0    0    0    0    0    0    0   99 2506    0  913  439    0 1086    0    0    0  983    0    0    0    0    0    0    0    0    0 3756 6920  372    0    0    0    0    0    0 1102 1656   98    0    0    0    0  368    0  983  147 2238 2233    0  981    0    0    0    0    0    0   19  150    0    0  674    0    0 4603 3103 2021  603 3451  307    0    0  359  309    0    0  233    0    0    0 2429    0  381  455    0    0    0    0    0    0    0    0   43    0  452    0    0    0    0    0    0   70   38    0    0    0    0    0    0    0 7825 5756    0    0 6931    0    0 7594    0    0
NP =32 9999 9999 9999 9999 9999 9999 9999 9999 9999 9999 9999 9999 9999 9999 9999 9999 9999 9999 9999 9999 9999 9999 9999 9999 9999 9999 9999 9999 9999 9999 9999 9999 9999 9999 9999 9999 9999 9999 9999 9999 9999 9999 9999 9999 9999 9999 9999 9999 9999 9999 9999 9999 9999 9999 9999 9999 9999 9999 9999 9999 9999 9999 9999 9999 9999 9999 9999 9999 9999 9999 9999 9999 9999 9999 9999 9999 9999 9999 9999 9999 9999 9999 9999 9999 9999 9999 9999 9999 9999 9999 9999   14   15   11   13   13   12   10    9    7   11    6    5    3   11   13    7   13    7    6    8    9    5    5    3    6   12    8    9    9    6   12    8    5    7    8    6    9    9    5    3    2    7   18   10   12   22   21   12    9    6    4   11   13    7    7   12   14   11    6   11    4    4    6   14    7    5   10    8   13    6    3    9    6   11   14    4   12    7    5    7    9    5    7   12    8   11    3    5   15   17   13   10    8   10   12   19   18   15   13   15    7    4   11    8   15   11   10    7    5   16    6    1    2   13   12    6    2    1    3   10    8    8   12    7    5    5   18   14   11   11   14    7   12   13   12   10   11   12    7    6    8    4   15   17   14    9   10    7    7   11   12    4    5    5    4    6    8   10    4   12   15    8    2    3   13   10    4    4    2    4    7    3    1    2    8    7   11   13   13   13    7    7    5   11   15   15   13    9   13   15    8    9    3    6   10    6    9    5    6   15   19   10    7   13   14    7    4    6    5    1    4    2    8    6    6    0    7    6    6   10    8    8    5    6   10    9    8    8    7   13   14   20   18   12   13    7    8   14   16   13   10    9   10   14   21   11   11   10   12   15   12    9    7    2    2    4    0    5    5    3    4    3    1    5    5
NP =33  221  394    0    0    0    0    0  472    0    0  359  472    0  359  359  394    0  432  432    0  472    0    0  359    0  432  432  359    0  432  432  326  394    0  326    0  432  394  326  400  437  333  478  437  333  275  437  437  275    0    0  478  303  303  303    0  365  333    0    0  478  303  333  400  333  437  333  275  303  365  333    0  478  478    0    0  400  365    0  437  437  303  400  365  333    0  333  250    0  400  400  250  160  303  303  275    0    0  250    0    0  250  478  365  478  303    0  148  303  250    0    0  365  333  437  437    0  437    0    0    0    0  437  478    0    0  566    0  520  478  437  437  478    0  333  250    0    0    0  365  437  275    0    0  333  303    0    0    0  303  478  365  160  333    0    0  400  400  400  333  365  303  478  365    0  365  478  478  437    0    0    0  437    0    0    0  365  478  400  228    0  333  303  365    0    0    0  400  303  303  400  333    0  333  130    0    0    0    0    0    0  365  250  333  275    0  478  365  365  437    0  365  303    0    0  400  400    0    0    0  250  400    0  478  138  478  148    0  333  333  333  333  365  250    0    0    0    0    0    0    0    0  365  437  478    0  400  365  478  400    0    0    0  437    0    0  437    0    0    0    0  400    0  400  365  365  365    0    0    0    0    0  365  208  303    0    0    0    0  275  190  275  333  478  437  437  437  400  478    0    0    0    0  478  275  400  437  400  400  365  333  275  303  333  333  400    0  333  365  365    0    0  318    0    0    0  466  101  351  318  387  288    0    0    0    0    0  425  351    0  466    0    0    0  318  425  387  351  425    0    0    0    0    0    0    0  425  260    0  466  351  156  351  425    0  387
NP =34  366  218  141  186  114  178  190  256  628   45  615  278  490  496  866  781  423  267  596  625  566  251  425  544  183  429  473  430  102  577  745  660  628  327  585  604  588  708  800 1017  886  790  663  797  699  667  570  568  540  327  411  524  594  393  293   67  438  524   45  839  961  971  837  795  641  490  612  627  395  515  373  265  409  738  679  376  459  479  570  560  518  523  634  635  781  817  941  624  870 1002 1052  282  326  384  288  231  309  517  488  405  395  447  777  901  441  168  524  456  837  720  482  613  817  912  781  684  243  649  151  921  938  180  512  805  359   88  850  429  784 1001  991  700  724  215  465  365   42   17  222  635  355  595  179   89  512  454  154  241  573  600  975  561  484  487  237  905  441  484  564  320  445  721  494  304  599  446  831  493  904 1025 1156  809  664  565  547  153  538  679  527  374   38  202  350  240  376  211  152  390  302  650  310  727  731  754  564  541  619  673  714  557  285  488  624  616  193  875  947  847  752  563  224  930  678  209  875  957  891   37  205  178  349  276  329  308  323  249  448  404  257  485  420  363  442  144  211  291  365  513  833  810  260  635  841  831 1103  450  544  380  289  326   89  279  934  918  890  474  815  761 1006  989 1046  500  970  696 1027  267  319  197  234  202  225  393  570  509  336  119  211  101  319  779  236  354  447  545  428  301  474  655  481  646  251  164  393  496  267  747  672  785  744  884 1040  529  624  363  936  805 1061  536  304  351  790  487  467  560  453  527  738  830  415  411  259  203  184  140   81  157  674  266  295  203  396  336  260  830  226  316  519  271  232  159  437  602  748 1009  754  912  959  962  739  985  935  994 1076 1079  815 1129
