## station 29635 wind>14  Yes/DontKnow    SPRING 2015-2022 years
##  Number YES =   28
NP = 1   19   19   16   18    9   18   15   10   17   19   14   10   20   21   16   12   16   13    7   18   20   13    8    5   10    9    9   11
NP = 2   24   25   20   22   15   22   24   15   23   23   18   15   25   25   19   19   20   18   13   23   27   18   15   12   15   14   16   15
NP = 3   24   26   22   23   16   22   24   15   23   23   18   16   25   25   22   20   20   21   13   23   27   18   16   13   15   15   17   15
NP = 4   21   23   17   20   12   18   20   13   20   19   16   11   21   22   17   16   17   15   10   20   22   15   11   10   12   11   13   11
NP = 5   11   15   11   12    6   12   11    8   12   12    9    8   12   13   12    9   12    8    5   12   15    9    5    4    7    6    7    6
NP = 6   21   23   19   23   17   19   21   12   19   19   17   13   19   20   17   20   17   12   11   22   23   24   18   11   17    9   11    9
NP = 7   27   25   23   26   20   21   24   15   27   18   19   20   23   22   16   22   18   16   13   28   28   24   26   15   17   10   17   14
NP = 8   28   28   27   27   17   18   24   19   34   13   21   17   22   27   18   20   18   21   16   28   31   21   31   15   17   18   23   19
NP = 9   32   40   43   37   19   25   25   24   36   16   33   20   30   39   24   31   24   23   27   30   38   22   42   38   16   24   33   21
NP =10   24   24   27   24   20   26   25   27   26   34   28   25   23   25   34   24   27   23   24   24   27   26   27   29   31   24   26   26
NP =11   25   22   26   24   27   24   25   26   27   30   25   25   26   27    2   25   26   24   27   23   28   28   28   27   32   26   25   27
NP =12   -8   10  -11    6   40  -20   33  -13   -3  -44   20  -10  -28  -23  -33    5  -36   -3    6   42   41   30   32    0   19   12   42   -8
NP =13  -64  -38  -64  -24    9  -77   -1 -102  -60  -60  -27  -61  -92 -100  -93  -37 -113  -39  -64   65  -28   13   16  -69  -32   38    3  -57
NP =14    4   17   33   49   31   12   49   49   19   77   18    8   56   47   29   64   20   25   47   54   75   63   28   40   47   60   62   40
NP =15   50   68   53   45   58   39  118   48   91   72   67   71   95   80   63   72   54   95   72   79  170   53   88   77   93  150  121  107
NP =16   23   23   25   21   19   16   17   17   22   20   15   12   13   19   18   22   35   12   10   19   19   22   14   11   14   15   12    6
NP =17    8    8    6    6    8    7    4    1    6    6   10    3    7    9   12    5   10    2    1    5    9    5    5    2    3    6    5    5
NP =18  489  492  488  470  495  480  505  485  492  477  500  484  482  479  472  495  459  505  474  513  515  481  500  484  503  505  502  504
NP =19   19   19   20   15   13   13   14   13   19   15   12   10    9   14   13   17   25   10    7   16   12   15   10    9   13    8    9    6
NP =20   21   20   21   15   14   14   16   14   22   14   12   11   11   16   15   20   23   10    8   17   16   15   12   10   13    9   12    8
NP =21   22   24   20   18   14   18   22   15   25   13   18   13   15   19   17   22   23   14    9   19   22   16   17   14   13   15   15   12
NP =22   26   34   26   29   17   22   26   23   31   21   30   17   24   30   22   29   31   19   16   22   29   16   25   26   14   19   27   17
NP =23   10    0    3    7    9   28    4   -5   -8   -5    1  -15    2    2    0   -5   -6    5    1   -1   29   -9    0   -4   12   14    1   21
NP =24   19    4  -37  -13  -15    1  -28   -1   -2   -6   19  -14  -11   23    7  -18  -14   -1  -21    9   93  -15    2    7   37  -27   14   32
NP =25   -1    0   41  -47    0   -9  -10   11   -7    7   37  -18    1   15   17  -27  -14   36  -27   -4   41    1   -7   26  -12   -9   33   12
NP =26   17   10   10   19   13   19   25    3   13   13   24   23   19   15   42    6    2   17    2   20   35    1   18   -3    7   15   21    1
NP =27   57   53   48   54   47   56   51   43   48   46   48   53   54   49   62   49   51   54   45   50   53   41   53   50   52   44   53   55
NP =28  325  266  190   91  260  161  258   50  196  -13  156  158  267  189  258  180  -40  205   82  272  377  120  358   30  266  163  280  344
NP =29   46   48   44   40   47   44   48   41   46   39   47   45   46   42   46   47   34   50   39   49   51   37   52   36   51   41   49   54
NP =30 9999 9999 9999   57  104   40   36   80   75   57  103   69   31   66   12   56   85   -7   91   48  -25  176   88   91   60   89   77    7
NP =31    0   17   13 1372    0 1222    0  149    0  134    0    0  185  233 1852    0  525    0    0    0    0    0    0    0    0    0    0    0
NP =32 9999 9999 9999   14    9    8    3   11   11   14   11    9    9   10    8    6   13    6   12    7    3   17    8   13    3    7   10    7
NP =33  370  192  254   97  254   97  290  290  328  191   20  139  221  290  117  369   80  413  290  191  369  221  328    0  413    0  164  290
NP =34  645  664  642  564  505  677  789  199  369  557  650  653  592  387  548  590  294  883  481  970  978  123  836  527  801  147  886  940
##  No definition =  453
NP = 1    4    2    6    8    6    3    5    7   11   10   14    8    9    6   11    5    8    8    6    9   12   12   10    6    9    6   15    5   10    5    6    7   10    9    9    7   13   10    7    5    2    4    5   11    9    9    8   15   13   12    9   10   11   11   11   15   13    4    4    4    4    3    3    5    4    7    7    7   11    6    8    5    4    5    4    7    7    7    4    2    3    2    6    9    6    4    7   11    8   11    6    3    4    7    5   12    8    9   12   14   11    9   14    7    3    6    5    4    4    6    4    7    8    5   10   11    9   10    8    8   14   12   10    9    4    5    6    2    4    9    6   11   13    6    3    7    8   11    3    5    7    5    9   11   15   11    5   11    8   11    8   12    5   10    6    6    4    4   15    5   12   10   14   11    9    5    4    9    4   13   11    9   11    4    6    7    5    4    9    9    9   11   11   12   10    9   11   11    8    5   10    6    6   10    8    6   11    7   15   10    9    6    5    4    7    4   11   11    7    5   12    6   10   10   12    9   10    8    7    9   11   10    5    7    9    8    8    3    3    7    3    6    9    8    9    4    9    9    3   10    2    3    5   10   12    5   10   12   11   13    6    2    3    5    3    3    4    8    7    7   10    9    5   11    6    4   13   11   12   11   12    8   10   13   14    8    9    8   14    5   10    9    4    6    5    8   11    6    5    4    4    2   12    9    2    5    5    3    3    5    8    6    6    3    2    5   11   10   11    6   13    9   11    9    4    5    6    3    3    4    6    8   12    5    3    6   10    9    7    3    7    9   10    4    5   14   14    6   10    4    7    8    8    7    7    7    3    5    7    9    4    8    8   10   14    7    9    8    8    5    3    5    5    4   12    5    9   15    7    5    8   13    6    7   10    6    6   10   10    6   11   11   10    6   12    5    6   11    4   11   12    9    9    4    6   12   10    7    9    4    7    8   11    6    4    5    6    6    3    5    6    5    8    5    4   19    8    8    3    5    3    6    9    7   11    5    5    7   15    8    3    6    9    5    2    5    8    6    8    4    9   15    6    8    8    5    8    7    8    4   10   14   13
NP = 2    6    4    8   11   10    6    7   11   13   14   19   10   12   10   15    8   12   13    8   17   18   18   15   10   15   11   20   10   16   10   11   10   13   14   14   11   22   17   11    9    5    8   11   17   14   15   14   20   18   16   12   11   15   12   12   21   17   12    8    6    7    5    8   10   10   13   14   11   15   11   11    7    9   10    9   11   13   12   15   12   11   13   13   14   12    8   13   15   12   17    9    6    9   14   13   15   12   14   17   17   17   13   17   12    7   11    8    7    8   11    8   16   10   12   17   15   12   14   11   13   15   15   11   12    6    7   11    5    9   17   12   17   21   11    7   13   13   18    8    9   14    9   18   17   19   16    7   17   15   15   14   19   11   14   11   13   11    9   21    9   20   18   19   15   13    8   10   15   16   17   15   13   13    7    8   10    6    6   12   15   11   16   17   16   16   15   16   16   14    9   15   12   11   16   18   10   16   13   19   14   17   11    9   10   11   10   15   15   10    9   16   11   14   14   14   15   15   11   14   12   15   16    8   13   12   12   11    8    5   11    8   11   13   11   12    8   16   12    6   14    5    8   12   17   16    9   14   18   20   17   10    7    7   10    8    7   11   12   11   12   15   13    9   17   10   10   19   17   18   15   14   12   15   16   18   11   13   14   17    9   13   10    8    8   10   13   15   12    9    9    7    5   17   14    6   12   10    5    8   10   15   12   12    6    8   12   18   15   16   13   17   12   15   12    9   10   11    9    8   10   13   11   16   16    9   11   15   10   15   10   11   13   13    9    9   18   18    9   12    6    9   10   13    8    8    9    6   11   11   12    8   13   11   17   18    9   14   12   13   12    7   12   14   10   16   11   16   18   13   11   14   17   12   13   17   12   10   14   20   11   18   15   15   10   16   11   13   21   10   16   15   13   13   10    8   14   12   11   11    9   10   16   14    9    6    8   11    9    6   12    9   10   11   10   10   23   13   14    6   10    6   12   15   13   15   11   10   14   19   13    7   12   15   10    7   12   16   14   16    9   15   19   11   15   12   11   13   14   12   10   14   18   16
NP = 3    8    5    8   11   10    6    8   13   13   14   19   12   13   10   15    9   14   14   10   21   18   20   15   11   16   12   20   10   16   12   12   12   13   15   14   11   22   20   11   10    5    8   12   18   15   16   14   20   18   16   12   11   15   12   12   23   17   12    9    6    7    7    8   11   10   13   14   13   15   12   13    7   10   10    9   11   14   12   16   12   11   13   14   14   12   11   13   15   12   17    9    8   10   15   13   15   12   15   18   17   17   13   17   12    7   12    8    8    9   13   12   16   11   16   17   16   14   14   12   14   18   15   12   12    8    8   11    6   10   18   14   17   21   12    8   14   13   18    8   10   14   10   21   17   20   16    9   17   16   16   14   20   12   15   11   15   12    9   21   10   20   18   19   15   14    9   11   15   16   17   16   14   13    7    9   10    6    6   12   16   11   16   17   16   18   15   17   16   16    9   16   13   11   16   18   11   17   13   19   14   18   11    9   10   12   13   17   16   10   10   16   12   15   14   15   15   15   11   15   14   16   16    9   15   13   12   11    8    6   11    9   11   13   11   12    9   17   12    9   14    6    8   12   20   17   11   14   19   20   17   10    8    9   11    9    7   13   13   11   12   15   14   12   17   11   11   20   17   18   16   15   13   16   17   18   11   14   15   17   10   13   10    8   12   10   13   17   13    9   11    9    5   17   14    7   12   11    6   10   11   16   14   12    7    9   12   18   17   16   14   17   12   15   14   10   12   12   11    9   10   14   12   17   16    9   12   16   13   15   13   12   14   13    9   10   18   18    9   12    7    9   11   14    8   10   10   11   12   12   13    8   13   12   18   18    9   14   13   14   12    7   12   14   11   16   12   16   18   14   11   14   17   12   14   17   14   14   14   20   11   20   16   15   10   16   13   13   21   11   20   15   13   13   11    8   14   12   11   13    9   12   20   14    9    8    9   11   11    7   12   10   10   12   12   11   23   14   15    7   11    8   13   16   14   15   11   11   14   21   14    7   12   16   10    8   12   19   16   17   10   18   19   11   20   12   12   14   14   13   11   15   18   16
NP = 4    5    3    6    9    7    4    5    8   10   10   14    8   10    8   13    7   10   10    6   12   14   16   13    7   11    9   17    6   12    8    9    8   11   12   12    9   18   14    9    7    3    5    8   15   12   12   12   17   15   13   10    9   12   10   10   15   14    5    6    4    5    3    5    8    7   10   11    9   13    8    9    5    7    7    6    8   11    9    8    7    7    5   11   11    8    6   10   13   10   14    7    4    6   11    8   13   10   12   15   14   12   11   13    8    5    8    6    4    5    8    5   12    8    8   12   14    9   12    9   10   12   12   10   10    3    5    8    2    7   13   10   13   16    8    5   11   10   15    5    7   11    7   13   13   16   14    5   13   12   14   12   16    9   12    7    7    9    7   17    6   16   15   17   13   12    6    8   12    9   14   13   10   11    5    6    8    4    3    9   10   10   14   15   13   13   13   13   12   11    7   13   10    9   14   12    8   14   11   16   11   12    8    7    8    9    6   13   12    8    7   13    8   11   12   12   11   12    9   11    9   13   10    5    9   10   10    9    4    3    9    5    9   10    8   10    6   13   10    4   12    3    5    9   14   14    6   11   16   16   14    8    4    4    7    6    4    9   10    8    9   13   11    7   13    8    7   17   15   16   13   11   11   12   13   15    9   10   12   15    5   10    7    6    5    6   11   13    9    6    6    6    3   15   11    3    9    7    3    5    8   13    9    9    3    5    9   14   13   13   11   15   10   12    9    7    7    8    6    4    6   10    9   14   10    6    9   13    6   11    6    9   10   11    7    7   15   14    6   10    4    6    8    8    6    6    7    3    5    9   11    6   10    9   12   15    7   10   10   11    9    4    9    9    8   13    9   13   15   11    9   11   15   10   11   14   10    7   12   14    8   15   13   12    8   12    8   10   16    7   13   13   11   11    7    6   10    9    7    8    5    8   10   11    7    4    6    8    8    4    9    7    7    9    8    6   19   10   10    4    8    4   10   13   11   14    7    7   12   16   10    4    9   13    8    4    9   13   10   13    5   11   16    9   12   10    8   11   11   10    7   11   16   14
NP = 5    2    1    4    6    4    1    4    5    7    7    8    5    6    4    8    4    6    6    4    7    8    9    7    4    6    5   10    3    7    4    4    5    7    6    6    4   10    8    5    4    1    3    3    8    7    5    6    9   10    9    6    3    9    6    5   12   10    2    3    4    3    2    2    4    3    5    6    5    8    4    6    4    3    4    3    4    5    5    3    1    2    2    4    6    3    3    4    8    4    9    4    2    2    4    4    8    6    7    9   11    9    7   11    4    2    4    2    2    3    4    3    5    4    4    7    8    5    8    6    6   11    9    7    7    3    4    5    2    3    6    4    8    8    4    2    5    6    6    2    3    5    4    7    6   11    9    3    7    6    9    6    8    3    2    4    3    3    3    8    3    9    8   11    9    7    3    3    6    2   10    8    7    7    3    4    6    3    3    7    7    6    8    8    9    8    7    9    8    6    3    6    4    4    8    5    4    6    5    9    7    7    5    3    3    4    3    9    7    5    3    9    4    8    8   10    7    8    5    5    6    8    7    4    5    7    6    6    2    1    5    2    4    6    6    6    3    7    5    2    7    1    2    4    8    9    3    6    9    8   10    5    1    2    4    2    2    3    6    5    5    7    7    4    7    3    3   10    8    9    9    5    6    6    9   10    6    6    5    9    4    8    4    3    4    4    6    8    4    2    3    2    1    9    6    1    4    3    2    1    4    6    4    4    2    1    3    9    8    8    4   10    6    8    5    3    2    3    2    2    3    4    5    8    3    2    4    8    4    4    2    5    6    6    3    3    9   10    4    7    3    6    6    7    4    4    5    1    4    6    7    3    6    5    7    9    4    6    6    6    4    3    4    3    3    7    4    7    8    5    4    6    9    4    4    7    4    4    4    6    3    7    9    7    4    9    4    4    8    3    9    8    7    6    3    2    7    6    6    6    3    5    7    7    5    2    4    4    4    1    4    4    4    5    4    2   13    6    5    2    4    2    4    7    5    8    3    3    5   11    5    2    4    7    3    1    3    6    4    7    2    6    9    3    6    6    3    5    6    5    3    5   11   10
NP = 6    5    2   12   17   15    6    7   13   17   24   21   11   11    8   11    5   11   15    8   16   18   15   11    8   10    8   25    5   14    9    8    6   10    9   13    9   16   11    8    5    1    4    6   14   11   10   13   13   13   12    8    4   12    7    7   16   15    3    6    6    5    2    5    9   10   16   12   12   14   10    9    3    8   10    5    9   15   10    8    4    5    4    9    9    6    4   10   14   12   10    5    4    5   11    3   14    7   11   18   23   11    9   14    7    5    7    4    3    5    6    4    9    4    7   10   12    7   10    9   13   16   13   13   15    5    6   12    2    8   14   11   15   20    7    4   14   11   11    6    9   13    5   14    9   16   11    3   21   16   13   14   15   11    6    9    7    7    4   17    6   17   17   16   14    9    4    9   10    6   12   10   14   13    4   10   18    8    6   18   14   11   18   19   14   14   15   23   20   17    8   13    9    7   16   10    7   11   10   15    9   12    6    7    5    8    4   14   12    6    6   22    7   11   11   15    9   12    7   10    9   17   20    6   13   16   13    9    3    5    8    6   10   18    9    9    6   16   11    2    9    2    6    7   16   13    4   13   23   19   14   11    2    2    7    5    2   11    9    6    9   10    8    5    9    6    4   16   13   16   12    8    9   11   18   13   10   15   14   13    3   24   12    8   15    8   21   15    9    8    7    7    2   12   16    4   12    9    2    7   10   16    8    8    2    4    8   13   16   11   13   14    8   19   14    5    6    8    6    2    3    6    9   12    5    4   10   11    4    6    4   10   10    8    4    8   14   17    6   15    4   11   13   15    7    7   14    5   12   11   20    8   15    6   17   11    5   11   12   12   11    4   10    9    9   12    9   17   12   12   12   14   16    8   12   14    9    8    8   12    6   13   12    9    6   14    8    9   17    8   12   11    9   13    7    7   17   20   17   20    9    7   15   13    6    4    6    9   11    2   12    6    6    6    6    5   19    8    9    4    7    2   10   14   11   11    6    6   13   16    8    2    8   12   10    3    7   10    9   14    3    9   15    8   18    8    8   14   12   11    5    7   15   13
NP = 7    9    4    9   14   14    8    8   15   17   26   23   15   14    9   13    9   11   19   13   17   21   18   12   10   11    9   23   13   16   12   12    8    4    8    9    7   18   15    9    6    1    4    7   16   16   16   14   17   17   12   11    3   13    7   12   15   20    7    7    6    4    4    5    8    9   13   11   12   16   11    9    6    9    7    5    9   16    4    9    8    5    3   10   11    9    9   14   15   14   10    7    4    6   13   13   12   10   14   21   21    9    9   14   11    4    6    3    3    5   10    4    9    8    8   11   13   11   11   11   13   19   16   13   16   10    6   11    5    9   16   14   17   26   11   11   12    7   15    7    9   16   10   16    9   16   13    6   20   19   13   12   16   13   16   12    9    7    5   20    9   21   21   23   15   13    4   10   13   13   14   17   14   14   11    9   18   12    6   13   15   12   20   29   13   16   18   21   23   21    8   14   11    9   17   11    7   15   11   22   10   17    6    5    8    8    5   15   16    6   11   26   20   10   12   12   25   16    7   12   11   17   25    9   12   16   15   10    5    6   10   11   13   19   15    6   11   17   13    3   11    2    4    8   21   14    8   22   26   22   15    8    2    4    7    4    2   10   13    9   10   11    9    6    9    8    6   19   18   17   13    9    9   13   15   16    9   13    9   22    6   19   24    5   11    9   14   22   12    5    7    7    2   19   18   11   14   13    8    5   10   18   20   11    6    6   14   14   16   13    9   15    9   17   18    9    9   10    5    4    6   15    6   14    9    5    9    3    5    3    4    8   18   10    6   11   14   21    7   16    3   12   17   15   13   10   11    5   14   16   20   11   16    9   20   10    7    8    9   14    9    6    9   15   10   14   11   15   21    9   12   13   20   11   12   15    7    6   11   16   12   19   12    9    7   17   11   13   19   11   19   12    9   12    6    5   29   26   16   19   13   14   13   17    8    6    6   11    9    5   12   14    6   10    7    9   17    9    9    5    8    3    9   16   13   14    5    6   14   20   13    4    9   10    8    4    9   10    9   14   13   10   18   15   14   11    7   12   12    4    7   15   20   15
NP = 8   12   11   10   15   14    9   11   19   16   29   38   26   19   15   19   21   13   27   14   16   30   28   17   18   10   13   31   24   19   17   15   12   13   12    9    7   22   22    8    7    3    4    6   13   16   23   19   23   19   18   10    4   14    7   13   18   17    9    8    7    8    7    9    9   13   18   12   18   20   16   13    7   11    8   11   10   22   17   10   11    3    4    8   11   10   10   13   17   15   16   12    7    3   12   20   18   15   17   17   20   21    7   12   21    9    9    6    5    8   12    6   12    8    9   19   20   29   12   11   12   21   23   19   16   14    7   13    7   10   18   19   23   26   23   23    9    5   19    5    4   14   19   19   10   16   20   16   18   22   21   14   18   12   28   21   13   12    8   26   13   20   23   25   21   17    9   14   14   18   16   23   16   16   16   11   15   16    9   13   15   11   25   30   19   20   14   23   26   25   13   21   11    4   21   17   10   20   15   17   15   23    7   10   17   15   10   14   19   18   14   23   21   10   16   17   30   29   17   19   12   14   30   23    8   12   14   16   14   10   14   17   14   19   28   10   11   20   16    7   16    4    6   12   21   24   17   28   24   24   18    8    4    9    7    5    3   11   22   22   13   21   10    9    9    7    5   22   26   30   15    9   11   17   17   19   10   14    9   19   13   20   29   10    8   10   16   34   17    6    6    8    5   11   21   14    4    4    9    2   12   21   26   29    6    2   26   12   23   20   10   13   11   21   24   13   13    6    9    5   10   19   10   14    8    4    5    6    4    3    6   10   26   14   14   12   19   29   21   15    5   10   19   15   18   10   14   11   16   18   25   12   19   17   28   16    9   13   13   18   11    7    8   18   13   14   12   17   23   14   13   22   25   22   11   13    9    4   16   16   27   25   13   12    9   25   13   19   28   23   26   21   22   16    5    4   32   30   25   18   26   19   17   15   14   15   10   10    4    7   10   19   17   13   10   13   20   14   16    7    5    4    8   18   18   18   10    9   18   29   17   19    8    8    4    5   11   17   10   15   21   18   19   24   15   16    7    5    4   10   12   22   26   16
NP = 9   16   19   13   18   19   11   15   31   21   36   55   46   27   25   31   23   14   26   13   18   33   42   27   29   11   21   35   29   27   33   20   15   24   18   16   14   30   25    9    7   10   10    4   11   16   22   20   32   21   22   15   11   13    9   14   25   18   13   17    8    8   15   12    9   20   27   14   18   31   41   20   14   19   11    9   20   31   17   15   13    2    9   17   15   11   16   12   18   20   26   15   11    8   16   19   27   25   19   24   22   22   30   22   31   21   14    9   11   10   13    7   17   11   11   35   22   46   40   24   19   24   33   26   20   17   10   19   11    8   24   30   34   28   36   26   10   15   27   19    6   16   21   27   42   18   54   35   18   28   46   27   18   17   28   31   35   35   19   21   18   25   29   29   37   29   17   18   17   19   20   29   20   23   32   15   22   25   11   16   21   22   28   37   41   23   16   23   31   34   19   38   15   10   27   38   22   21   26   33   21   31   11   19   22   25   18   17   26   28   33   21   36   13   26   20   36   37   33   27   15   20   37   39   23   25    9   33   13   15   21   33   21   26   35   30   15   37   26   26   20   10    9   18   25   32   32   38   23   30   34   15    7   10   11    8    4   16   21   24   19   35   14   20    9    7   28   27   37   35   31   16   11   24   19   32   18   16   10   33   19   21   34   27    6   14   17   43   39    5    7   14    8   25   33   19    4    9   15   12   12   17   32   40   17   12   34   25   30   34   19   19   13   23   27   15   11    8    6    7    9   23    9   18    8    6    7   10   16    9    9   19   28   25   29   17   22   39   33   20    8   12   32   20   26   17   20   18   15   33   26   17   25   40   49   32   17   18   25   29   17   13    9   34   29   20   26   18   45   23   21   34   30   28   15   11    8    8   21   17   20   26   19   32   26   24   17   35   30   27   30   36   37   22    7    9   38   29   21   18   41   30   29   18   37   23   15   11    7   11   10   28   27   17   18   18   27   32   20   14   10   12   11   20   23   36   20   18   27   52   33   21    4   13    4    9   13   16   15   23   22   21   28   25   18   27    8    7    5   17   12   24   36   21
NP =10    2    5    7    7    9   11   22   27   27   27   27   26   31   24   27   32   24   27   29   25   25   25   25   26   25   31   31   34   28   33   34   35   30   34   30   27   23   28    3    6   29    2    5   14   30   23   27   20   25   25   30   24    3   27   28   29    2    3    1   18   21   27   35   18   21   22   23   29   29   29   28   27   32   31   25   36   28   29   21   29    6   33   29   29   27   23    5   32   28   27   35   34   14   32   26   26   29   31   30   27   26    1   31   34    2    3    6    7    3   36   33   33    3   29   31   26   25   27   26   25   26   29   29   28   33   30   26   28   28   28   32   31   26   30   33   17   32   23   24   18   25   25   27   31   30   32   36   27   27   31   27   23   28   25   26   26   27   33   28   30   25   24   26   27   30   29   20   27   26   29   24   28   32   34   27   25   25   24   25   25   32   27   24   27   29   27   25   23   23   23   26   28    9   24   25   27   29   25   27   29   29   32   30   27   28   27   29   25   29   34   29   27   27   33   29   27   24   25   20   32   25   26   29   31   25    9   32    1   22   32   33   30   28   28   30   30   25   30   26   28   33   21   24   25   25   28   29   26   24   28   28    6   29   35   29   36   31   32    2   30   32   35   29   35   29   29   26   24   24   25   27   30   29   23   27   31   32   26   29   30   21   26   31   14   24   21   22   25   22    6   17   33   20   27   34   12   15   33   21   18   22   23   24   30    9   26   25   26   30   23   27   32   33   31    2    7   11   25   36   34   34   34   27   29   14   14   17   12   18   26   26   32   35   34   33   30   30   30   27   28   22   23   27   31    6    7    1   29   32   30   30   28   32   26   30   34   29    6    7    3   33   23   26   24   25   32   26   32   32   25   28   32   32    8    7    5   25   35   28   33   29   34   34   30   36   29   31   31   30   27   31   33   34   10   18   28   29   27   25   25   28   27   33   32    2    1    7   12   31   23   24   27   34   26   27   29   27   35   30   27   36   29   26   25   28   35   24   25   27   32   35    5   12   12   16   22   16   27   25   26   21   26   28   17   26   26    5    8   35   26   23   29   24
NP =11    2    5    6    8    9   11   24   30   29   27   25   25   33   24   27   32   26   27   27   25   24   24   25   26   24   33   32   33   28   34   33   34   31   33   31   28   23   28   11   10   29   33   21   16   28   24   27   21   24   24   29   27    2    7   28   32    1    4    2   20   21    1   31   21   20   21   24   32   30   29   31   31   33   28   24    1   30   29   25   28   12   33   27   29   26   26   36   34   29   28   34   33   25   29   27   25   29   30   31   27   27   25   30   34    2   36    5    9    4   34   32   35    2   30   30   27   23   26   26   28   28   32   30   30   33   32   24   28   29   27   32   31   28   31   31   22   35   20   36   28   25   28   27   26   30   34   35   28   27   31   29   24   30   26   26   24   26   31   27   32   27   24   25   26   31   30   22   26   24   29   25   29   29   36   30   25   24   21   26   24   36   27   25   26   29   30   24   25   24   26   24   27    4   25   23   25   30   29   27   27   30   28   31   24   26   25   31   24   27   35   29   27   25   34   30   27   26   23   23   33   26   27   28   28   26   32   35   35   25   30   33   30   28   28   28   29   26   31   27   29   31   22   28   24   25   27   29   28   23   27   31   35   30    1    3   10   31   33   36   31   31   34   29   36   36   35   26   24   25   26   26   29   33   23   23   33   33   30   31   30   22   26   29   30   24   24   23   23   19    2   20   36   18   27   33   27   26   29   29   24   23   23   23   25   27   28   24   30   29   27   22   36   34   32    1    4   15   25    2   34   34   32   25   23   33   16   17   17   23   25   33   33   35   35   34   30   31   31   28   30   20   23   30   31    5    7   36   32   31   32   32   27   29   28   28   33   28    5    6    3   34   31   29   27   25   35   26   32   30   27   27   31   32   36    4    6   22    1   28   33   29   30   36   36    1   31   32   32   31   26   31   33   34   33   28   28   29   24   27   25   28   26   32   33    1   36    1   24   34   26   25   27   31   28   26   29   28   33   31   30   35   28   27   26   28   32   27   28   26   32   33   33    5   15   18   25   19   28   26   26   22   26   28   16   25   24    7   13   33   29   25   28   24
NP =12   -9   13   39   36   63   77   42   45   42   65   25   -1  -24   16    4  -16   26   21   26   37   42    3    9    9   -3  -32  -15  -29   46  -32    5   19   -6  -17   -9   10    3  -11  -27  -15    4   14   13   -5   -7    8  -10  -16  -30  -31  -38  -22  -35  -32  -34  -41  -39  -13   -9   54   25  -19  -17   19   26   26    2   -7  -20  -17  -32  -43    1   50   22   -3   68   47   80   31   33   20  -18  -26  -18  -21  -24  -34   -3  -38  -47   -6    1   15   -5  -28  -47  -20   -5   23  -37  -38  -39  -35  -30   -6    9   10    5  -13   -2  -19  -34   -3  -41  -18  -31  -41  -44    4  -40  -30  -31   35   -5   51   60   25   11   42  -24  -33   60  -36  -26   54  -26    8    2   57  113   16    8  -21  -42  -49  -28   54   83  -44   14   27   45  -17    4    1  -16  -38   36   16   33   55    0  -34  -48   -7   40   21   10  -41  -29  -37  -47  -54   69  124   48   16   36  -23  -35   15   25  -33  -12    8   40   70   45   26  -15  -21   26   70   31  -14  -25    2   13  -43  -23  -34  -22   25  -13  -17  -15  -20  -41   -7   55   -8  -25  -37   -9   -2  -29  -24   18  -22   25   62   -9   -8   14   20  -48  -27   28   22  -29   13   63  -27  -35  -12   17  -15    7  -34  -22   44   36   23    2    1   24   31   51  -48  -20   -4   29   51   53   60   71  -32  -36    5  -33  -46  -19  -38  -39  -18    5   -8   -1  -17   -9  -31  -20   12  -42  -31    6   19  -37  -22  105   -4   12   89   75   42  -30   15   20   35   60   65   61    4   21   40   32   63   93  101  118   80  -25   12   32   72   11  -12  -29   48  -35  -49   -9   10    5   24   50   58   43   49  -21   -2  -28    0   22   21  -16  -28  -27   -9  -16    6  -53  -36   -3  -35  -25  -10   16   44   96   -6   37    2  -48   55   75   50   13   23   38   77  -22   14  -46  -49  -32  -44   -1   21    9   34   38   27   10  -12   31  -25   21   80   -9  -22  -28  -16   11    9  -16  -28   65   13   12  -37  -45  -31   18   59  -13   31   38   37  -52  -41   -6   17    0   13   15  117  145   49  -28    6  -40  -53  -42    8   26   37   48   93   71  -19  -37    8    2  -35  -34  -36   -5   20   25   55   89   60  -41  -18    6   36  -43  -52   -7   -7   -4   20   66   80   65   28   32   16   10  -26   21   35  -29   17    4  -14  -15   29   -3  -35  -20
NP =13  -24  -35  -11   11   44   57   31    3   15   64   30  -40  -78  -30  -61  -40  -29  -34  -21   11  -29  -45  -63  -48  -84 -113  -52  -60    8  -61  -42  -41  -64  -63  -67   -8  -77  -99  -90  -82  -81  -66  -64  -40  -72  -58  -99  -61 -104 -114 -119  -90  -94  -83  -96 -109  -82  -69  -91   46  -38  -69  -43    1  -11  -13  -82  -85  -79  -74  -87  -76  -70  -12  -19  -47   25   29   22  -30  -34  -52  -53 -106  -98  -69  -84  -88  -61  -33 -128  -64  -62  -59  -63  -42 -112 -105  -64  -18  -51  -78 -120  -92  -96  -59  -51  -68  -76  -78  -62  -83  -56  -49 -106  -99  -92 -131 -106  -62  -80  -70  -48   36   -4   30   32   -4  -24  -37  -91  -95   -5  -63  -22   65  -36   -2  -36   52   72  -18  -34 -101 -119 -110  -61   40   16 -132  -33   21  -17  -42  -38  -56  -94 -123  -38  -62  -51  -26  -87 -124 -113  -72   11  -71  -67  -87  -63  -78 -100  -37   88   86   16  -38  -26  -74  -90    3  -19  -86  -54  -42  -16    6   -3   15  -94  -98  -46   24  -30  -46  -86  -72  -40 -117  -91  -91  -69  -45  -33  -76  -90  -71 -106  -79   31  -61  -90 -113  -21   61   47    2  -22  -70  -50   22  -40  -56  -37  -10  -83  -44   20  -25  -38  -37   -4  -51  -60    1  -58  -88  -65  -92  -39  -34  -43  -32  -81  -76  -42  -35  -19 -126  -98  -84  -42  -21  -28  -12  -10   -2  -62  -31 -110 -125 -106 -114 -118 -106  -84  -48  -72  -94  -88 -109 -110  -33  -98 -121  -68  -67 -107  -78  107    8  -34   73  103    4  -83  -59  -52  -38   29   -9   -9  -66  -14    4   25   39   22   53   49   20  -63  -70  -46   25  -55  -95 -103  -28  -47 -120  -51  -40  -58   -3  -19   -2  -35  -29  -77   -2 -109  -65  -60  -59  -65  -60  -91  -93  -87  -24 -109  -63  -84 -124  -84  -75   -8   42   69  -22  -31  -36  -25  -15   64   49  -34  -30   17   22  -65  -57  -66  -56  -75 -111  -62  -55  -49  -45  -45  -35  -60  -82  -27 -110  -37   30  -81  -86  -61  -73  -66  -55  -81  -87  -13  -63  -31 -104 -132 -117   16    0  -75  -58  -43  -16 -115 -130  -70  -45  -48   25    8   61   93   34  -24  -33  -78  -40  -14    3    4   23   48   63   50  -29  -91  -67  -52  -92  -99  -84  -62  -59  -42  -24    6  -17  -97  -93  -59  -44 -102 -132  -91  -67  -15    7  -15   -3    5  -49  -45  -57  -24 -103  -71  -14 -105  -62  -37  -47  -40  -25  -67 -111 -109
NP =14   44   19   48   53   54   42   28   50   32    6    4   20   49   61   46   70   80   67   74   59   42   18   58   56   18   37   33   43   31   60   77   68   37   42   57   73   29   37   49   58   51   59   54   73   59   24   36   24   19   26   27   24   35   24   29    4   40   15   44   41   30   18   28   57   23   49   16   26   29   19   14   15   51   62   44   40   76   34   81   42   54   31   44   14   23   31   37   62   57   19   43   37   55   63   32   28   37   44   66   63    5   48   47   14   46   47   55   52   35   42   48   30   70   59   41   62   33   32   11   48   28   37    8   31   18   35   40   29   51   39   42   11   65   13   41   94    6   55   45   64   84   10   73   27   47   25   45   60   74   34   67   40   62    6   37   28   37   28   78   33   59   70   30   47   47   58   82   31   36   59   20   41    9   39   66   71   24   13   15    9   19   38   27   45   72   73   42   43   37   65   16   33   73   69   36   45   40   52   37   19   40   40   44   65   29   20   47    7   43   41   28   10   14   61   20    5   11   44   79   53   54   37   14   22   18   57   19   41   70   16   38   66   78   26   37   58   62   58   54   17   40   87   75   40   17   24   26   39   46   22   40   40   60   63   70   80   95   28   46   58   26   24   26   14   36   31   50   18   26   29   15   45   34   49   33   41   50   48   18   22   62   10   68   71   38   40    5   55   56   74   93   91   46   40   44   65   72   68   96   91   79   39   30   48   67   49   42   22   51   59   43   41   43   44   57   78   80   85   58   66   16   89   22   48   61   60   23   27   32   39   30   30   45   53   44   26   50   33    7   35   41    4   45   36   12   50   60   32   52   44   52   75   25   40   19   68   31   30   74   77   62   64   68   53   21   46   63   45   61   82   32   73   34   52   54   57    4   22   80   45   49   18   14   35   61   96   45   92   64   46   48   24   76   56   46    8    6   13   21   24   39   41    4    3   32   50   57   64   59   82   55   39   53   38   23   16   27   56   44   54   53   73   79   66   26   39   55   71   36   43   30   54   75   86   98   85   57   61   62   20   34   48   45   40   34   72   53   41   49   56   30   42   15
NP =15   40   46   42   41   43   45   55   40   24   28   48   82   86   87  107   60   64  117   82   82  129   74   65   81   57   59   74   79  132   55   66   86  126   77   64   79   82   81   51   61   67   70   76  101  109   85   64  104   54   48   54   57   70   46   53   66   77   86   51  101   91   64   80   90   69   50   39   58   41   40   47   65   65   78   67   73  113  151  107  100   88   85   84   50   51   68   68   46   83  151   44   72   70   59  116  133   49   50   68  119  106   46   86   78   59   65   82   80   85   66   74   66   60   67   86   41   99   37   38   53   30   26   13   27   23   91  122  129  112   72   63   52  111   94   76   75   61   79   64   98  128  134  108   66   56   67   68   94   94   43   81   97  115  132   85   99   97   53   67  100   76   88   78   40   54   77   96   67   96   40   95   51   27   61   61   82   37   51   81   48   35   92   68   56   44   61   85  106  158   99   53   55   58  108   80   78   70   76  102   53   91   63   73   82   82   51   64   57   67   71   96   77   57   36  102  219  201   59  150   92   69  102   69   46   43   77   34   56   91  112   66  113  133  118   80   82   49   42   53   78   73   75   66   94   58   91  111   69  184   55   50   68   85   98  114  108  112  114   68   78   94   50   58   55   47   63   58   84   83   54   67   60   53   97   76   45   72   80   69   90   77   17   71   62   31  117   61   49   80   63   90   97  109   56  106   77   89  123  111  133  132  185   60   77   86  125   89   70   61   93  114   38   77  104   81   84  101   95   91   92  128   65   62   86   87   69  122   84   69   60   66  150   55   66   77   89   86  102   19   66   37   14   79   49   28   49  112  128   98   89  120  170   88   85   70   51   35   47   65   69   67   84   88   80   71   64   80   67   78  125   81   66  103   68   67   80   97   90  114   98  132   77   62   39  129  103   76  159  110  122   72   69   69   79   74   63   19  146  222  117   82  108   42   65   69   82   79   77   93  100   93   92   51   55   54   64   63   50   67   63   88   99  106   98   68   59   84   95   65   53   85   70   66   87   97  103  108   71   80  106  126   62   90   91   45   73   79   91   86   72  122   60   62
NP =16    8    5   10   13   10    6    9   13   18   17   17   11   16   11   11   11   12   10   10   11   19   16   14    8   11    8   18    7   11   10    7    7   13   13   12   11   18    9   11    6    3    5   10   23   10   10   14   14   14    8   10    9   13    7    9   15   15    5    5    9    4    4    6   12    6   10    7   17   13    9    9    6   11   11    6    7   13   13   11    5    8    9    8   10    6    6   14   18    9   18    8    5    6   12    6   15    9   11   22   17   16   15   10    8    6    7    4    3    6    5    6    8    8    7   14   14   11    9   12   18   24   18   15   15    5    9   10    5    6   13   12   15   18    8   11   18   13    9    9   10   11    7   14   11   15   17    8   20   15   14   18   13   13    8    6   12   10    7   12   13   20   20   17   12   13    9   10   14    9   20   12   16   15   10   14   11    6    5   15   12   15   17   17   10   14   21   24   19   16   13   12    8   11   15   13   12   13   15   21   11   13    9    8   10   11    8   15   13   10   12   21   11   14   18   15   12   15   12   15   15   19   16   11   11   16   11   11    6    7   11    6   11   14   10   13   12   14   13    4   10    5    8   11   16   12   12   19   23   14   21    8    6    7    8    5    3    5   11   10    8   14   14    9   15    6   10   24   14   14    9    8    9   20   21   23    9   11   12   11    6   20   12    9   15   10   18   22   10    9   12   11    7   12   13    7   14   11    5    9   10   20   11   11    6    5    9    8   14   16   12   20   15   13   13    6    6    7    6    3    5    9   16   15    6    9   10    7    5    4    5    6    7   13    5    9   12   14    8   18    8   13   17   12    9   13   11    7   11   12   17    9   14   11   14   20   11   13   14   14   11    5   11   12   12   15   16   16   19   13   11   11   12   11   14   15   10    8   11   11    9    8   18   13    8   12   12   10   13   14   13   16    5    8   12    8   18   13   16   18   11   10   11   20    8    8   10   14   11    8   14   10   11   14    8    9   22    7   13    6    8    4   13   17   11   13    9    9   19   18   10    3   11   13    9    4    8    8   11   14    7   10   14   10   13   11    8    8   11   10    7    9   15   12
NP =17    1    1    2    1    3    3    1    0    5    2    3    1    2    9    6    2    5    3    2    4    5    4    6    4    2    1    4    0    2    4    5    4    4    2    4    4    2    2    1    2    2    3    4    6    2    2    2    2    2    1    1    1    4    1    4    0    2    1    2    1    1    0    2    4    2    2    2    4    1    3    4    1    2    5    3    2    5    3    5    1    2    1    1    1    1    3    1    3    3    2    2    4    6    0    4    2    1    3    6    3    1    2    3    0    1    3    2    3    3    3    6    1    2    5    2    7    3    0    1    4    4    2    2    1    2    3    5    2    2    3    0    6    4    1    3    7    5    3    1    5    5    1    6    3    7    2    2    8    5    2    8    5    3    3    1    3    3    3    5    2    4    6    1    3    3    6    6    2    2    2    1    6    5    0    7    6    1    0    5    2    3    2    9    1    4    4    2    1    8    6    2    2    2    9    3    6    1   10   10    1    4    0    2    9    1    0    2    3    0    3    5    4    4    2    3    1    1    2    8    4    2    5    3    1    2    2    3    2    6    5    4    3    3    1    5    3    5    5    5    4    2    4    3    4    4    3    5    4    4    6    2    1    3    3    3    3    3    1    2    7    2    0    6    4    3    3    8    3    1    1    1    1    4    5    8    2    3    6    4    1    3    6    1    6    3    6    4    3    3    4    4    1    4    1    1    2    3    1    4    4    3    6    3    3    5    5    3    3    1    6    6    2    5    0    2    3    4    4    2    4    1    4    2    1    3    3    2    2    2    2    1    4    1    5    4    2    3    2    2    4    4    2    1    2    1    2    2    5    1    4    4    5    2    6    5    2    4    4    4    4    3    4    2    7    4    1    6    2    5    6    0    4    1    3    1    2    0    2    5    3    1    2    2    3    5    3    0   10    6    1    1    1    5    3    2    5    3    3    3    2    2    3    6    2    2    2    3    4    2    4    1    3    1    5    4    9    2    1    4    3    0    2    2    5    3    2    4    6    1    2    2    2    5    4    3    3    2    2    3    1    3    3    5    2    0    4    2    3    1    2    1    3    4
NP =18  478  480  479  482  486  486  483  481  492  503  497  483  478  484  482  483  489  496  496  502  505  498  492  494  475  475  493  491  495  488  492  494  491  496  499  509  500  494  490  492  494  498  501  504  503  503  501  503  492  488  489  491  492  491  493  484  494  495  502  487  483  482  489  490  488  481  474  479  479  478  473  475  488  493  490  498  504  500  502  499  499  497  496  480  478  481  481  488  487  482  479  487  489  488  490  487  470  477  497  501  494  483  475  483  488  492  495  498  502  502  503  503  504  506  495  502  496  485  454  467  466  482  485  486  485  489  490  491  491  487  486  480  491  486  491  497  494  491  500  507  510  499  496  479  471  468  482  498  500  486  504  505  509  505  503  498  487  477  493  499  508  517  507  491  491  503  509  507  507  498  499  466  460  477  493  496  490  479  481  473  480  488  491  472  483  484  490  493  499  497  480  475  485  501  490  481  475  486  486  468  477  480  487  493  490  481  484  484  478  488  504  498  486  490  497  503  504  499  499  491  502  489  485  484  482  480  478  486  489  481  479  486  490  484  479  475  479  474  478  472  477  481  485  486  478  473  484  496  495  467  476  485  491  497  498  502  502  497  494  496  487  476  473  471  475  483  498  497  493  490  483  483  493  501  492  492  502  506  495  497  496  487  482  493  493  497  488  477  479  487  491  490  490  477  489  495  497  496  500  505  506  509  498  492  498  508  497  493  490  498  491  480  495  496  498  502  506  506  508  510  508  511  503  504  509  509  509  505  500  499  508  512  493  497  504  499  500  505  482  487  493  486  479  476  484  485  488  495  478  487  493  495  471  480  463  463  465  466  472  475  480  485  489  497  478  486  494  488  502  509  497  494  490  493  489  493  491  496  506  504  505  491  475  487  505  509  505  513  513  511  492  492  504  508  510  488  490  497  505  497  485  482  471  474  483  487  489  495  498  503  498  491  480  482  483  472  465  473  480  482  487  496  501  503  482  488  494  499  483  477  486  487  497  500  498  503  505  503  507  506  507  495  506  511  500  508  509  511  510  509  506  504  495
NP =19    4    4    7    9    8    5    6    9   15   15   14    9   13    8    9    9   10   10    8   10   17   13   12    6    9    7   16    6    8    9    8    4    8    8    8    8   15    8    8    5    2    5    8   18    9   10   11   13   13    7    8    8   11    6    7   12   13    4    5    6    4    4    6    7    5    9    6   14   12    8    7    4    8    7    4    6   12    7    6    5    5    6    7    8    4    3    9   15    9   11    6    4    4    9    5   10    7    9   17   14   10   11    8    8    3    5    2    3    6    5    5    6    5    6   10   12    9    8    9   13   18   13   12   12    4    8    8    4    6   10   10   13   15    7    5   12    9    8    7    8    9    3   11    7   12   14    6   15   11   12   12   10   10    8    5    8    4    6   11    9   15   17   15   10   11    5    8   10    8   15   10   12   12    7    9    9    5    4   11    9   11   14   13    8   12   17   18   15   11    9   10    7    7   12    9    9   10   11   15    9   10    5    4    7    9    6   11   11    8    9   16   10   10   13   12    9    8    7   10   11   15   13    6    7   11    8   10    5    6    7    6    9   11    5    7    9   12   10    3    9    3    6    8   12    9    9   13   19   12   16    6    5    5    7    4    3    6    7    6    8    8   10    4   11    5    7   18   11   13    7    7    8   16   15   16    7    8    9   10    3   16   10    5   10    7   13   19    9    6    8    8    3    9   11    3    8    8    2    7    8   16    8    8    4    4    6    7   11   14    9   15   12   11   11    4    5    5    4    2    5    5   10   11    5    5    7    5    4    2    3    4    6   10    5    7   11   13    5   13    6   10   14   10    7    7    8    5   10   12   15    7   11    7   11   14    9   10   10   10    8    4    8    9    8   12   11   11   15    9    8   10   11    7   10   13    8    5    8    9    7    7   11   11    6    8    8   10    9   10   10   13    5    5    8    5   14   10   13   16   10    8   10   15    6    3    5    7    7    5   12    9    5   10    6    7   16    6    8    4    6    3   10   12    8   10    6    6   15   15   10    3    7    9    6    3    5    6    9   11    6    7   11    8   10    8    7    6    7    6    4    6   13    9
NP =20    7    5    7   10    8    5    7   10   15   18   19   11   14    8   12   10   11   12    8   12   21   15   12    9   12    8   18   11   12   11   10    6    4    5    8    6   16   10    6    5    2    4    7   16   10   11   12   16   16   10    9    7   11    6    8   13   13    5    6    7    5    4    6    5    6   11    7   14   14   11    9    6    5    6    4    7   13    6    5    6    4    3    6    9    6    3    9   16   12    7    6    5    3   10    9    7    9   11   14   16    6    7    9   11    5    4    3    4    7    7    6    9    3    8   10   14   12    9   10   14   19   14   12   14    7    7   10    7    8   11   13   17   17   11    6    7    6   10    6    8   10    5   11    8   13   15    8   11   15   14   11   12   11    9    8    3    6    4   12    9   15   17   18   12   13    5    8   12    9   14   13   12   13   10    9   10    7    5   12   10   11   15   17   10   13   17   18   17   13    9   12    8    6   14   10    9   11   12   14   11   13    3    3    6    9    7   12   13    9   11   14   13    7   12   12   11   11    7    9   12   16   16    9    4    8    8   12    5    6    8    9    9   14   11    3   10   14   12    4   11    6    5    8   13   12   10   15   20   16   16    5    3    5    6    3    4    9    8    6   10   12    7    6    9    6    6   16   15   17    8    8    8   14   15   14    9    8    7   13    7   17   13    2    8    7   14   23   11    5    6    7    2   10   12    7    7    6    3    6    8   17   12   11    4    3    9    9   14   15   10   15   13   12   13    4    5    5    4    2    7    9    7   12    5    4    4    4    5    2    4    6    9    8    8    8   14   16    9   14    5   11   17   13    9    4    7    5   12   14   17    9   12    8   13   16    9    6    9    9    7    5    7    9    9   13   11   12   16    8    8   11   14    7    8   12    8    5    9   11    8   10    9   10    6   10    9   14   11    8   12   16    9    5    5    5   18   13   13   16   15   10   11   15    8    4    3    6    5    4   11   11    8   10    6    8   15    9    8    4    5    5    8   12   10   10    4    4   16   16   12    6    4    7    4    3    6    7    9   12    8   10   13   11    9   11    5    5    5    4    4    7   15    9
NP =21   12    9    7    9    7    4   10   14   14   23   25   19   15   12   17   15   14   16   12   15   24   25   17   18   13   11   25   19   17   17   14   11   11    9    7    7   19   13    6    5    3    4    5   14    9   14   16   21   20   14   12    6   10    7   11   17   14    5    8    8    7    6    9    7   10   14    9   13   19   17   11    7   10    7    4   10   16    9    9    6    3    4    8   10    7    5   11   17   16   13    9    6    3   12   14   13   13   15   13   19   14    6   13   15   10    6    5    7    8    9    7   12    6   10   16   19   18   16   13   14   20   20   15   15   14    7   11    9    9   13   18   21   20   19   14    9    7   14    7    8   11   10   15   12   15   20   17   14   19   20   12   13   11   14   18   13   11    8   15   13   15   19   22   17   17    9   11   13   13   13   17   11   15   16    9   12   12    7   13   13   12   20   24   18   15   15   19   21   16   12   19   11    4   18   17   11   13   11   15   14   19    8    7   11   11    9   13   16   16   16   15   16    9   18   13   19   19   14   14   10   16   21   17    8    6    8   16    8    7   15   15   14   17   18   12   11   19   14    8   14    7    6    9   15   18   14   19   19   23   18    7    3    6    7    5    5   13   18   13   15   21   12   10    7    8    7   16   20   23   13    9   10   12   18   18   11   11    9   19   15   18   19    8    7   11   16   33   18    4    3    6    4   12   15   10    5    4    7    4    9   20   21   21    8    4   12   13   16   19   13   12   11   14   18    9    5    3    4    4    9   15    8   14    6    2    3    6    6    5    6    9   14   14   12   11   17   21   17   13    5   12   21   15   16    8   10    8   14   19   21   12   16   15   21   19   11    9   10   11    9    6    7   12   15   12   14   14   21   12   11   16   20   14    6    9    7    5   14   15   15   17   12   12    9   15   10   19   19   17   19   21   17   11    4    5   23   18   14   16   21   14   14   17   13    9    7    7    4    6   11   14   15   14   12   10   15   15   12    6    8    6    7   11   14   14    7    7   18   25   16   13    5    4    3    4    8   10   10   14   12   15   17   15   10   14    4    3    4    7    7   10   19   11
NP =22   16   16   11   11    8    5   14   26   16   27   36   35   22   18   26   24   14   20   15   17   27   39   24   32   15   18   40   29   24   29   19   16   24   19   12   11   24   18    7    6    7    7    5   13   10   20   20   29   27   18   16    8   13   12   15   26   20   12   12   13    9   13   14   10   17   22   16   18   29   24   21   15   17   12    8   14   23   15   11    8    4    8   19   11    9   10   12   17   21   22   12   11    7   15   18   20   21   20   21   20   21   16   22   26   21   11    9   12    8   11    8   14    9   11   27   28   32   30   24   16   23   33   21   19   20   10   14   12    9   17   28   29   25   30   25   10    9   22   17   11   14   13   24   24   23   36   30   16   21   35   20   14   14   24   29   27   26   17   17   17   15   24   28   30   26   13   14   16   16   18   29   18   26   26   11   15   18   10   16   19   18   25   35   33   21   14   21   26   21   17   28   15    7   27   28   18   20   22   22   22   32   15   19   19   20   15   17   22   27   26   16   21   16   27   19   25   27   21   24   13   18   31   30   18   12   12   25   13   13   25   25   20   21   31   25   15   29   25   17   20   11    9   13   21   28   25   29   19   32   33   15    6    9    7    6    6   17   28   21   21   35   23   23    9   11   18   19   29   34   26   18   11   15   22   28   18   14   11   31   23   20   28   17    8   12   17   45   33    6    7    8    5   19   23   22    5    7   10    9   10   22   27   37   18   11   15   22   22   25   19   21   13   17   25   11    6    4    5    7   11   21   11   17    8    4    4    9   10   11   10   14   17   24   21   16   26   31   32   15    7   11   26   20   25   16   15   13   17   31   27   16   21   29   33   30   18   17   19   19   14   12   10   22   26   16   19   17   35   20   16   25   28   26   11    9    8    7   19   15   19   20   21   24   20   17   12   27   26   24   26   30   30   18    7    6   32   26   16   17   30   22   24   22   22   16   13    9    5    9   11   20   22   20   18   18   23   25   20   15   10   11   10   14   19   26   19   13   27   36   23   21   13    7    3    6   10   14   12   18   17   24   24   20   12   28   10    6    6   12   10   14   26   17
NP =23    6    2   -1    7   -6    5    7  -21    1  -24    1    9   -3   25   -7   19   31   -7   22   -2    9   18   13   12   10    7    2    6   70    9   -2   17    9   22   18   19    6   -7    0    4   28   14   39    2   -9   15   18   12    2   -7    7   10   13   -5   58    0   31   21   -5    5   -3   18    9   19    0   54    4   -1  -13   26    7   66   20   11   17   10    0   10    8    7   13   21  -17  -22  -16    3   13   -6  -19   20    7   24   20  -14   46   15    0    8    1    1   25   13    1    1   32   32   27   48    9   22   32   -1   24    2   12    3    5    2   14   19    4   -7    1  -21    9    6   -1   16    8   -3    8   15   -7   11   24    8    9   -7   40   13    4   23   -1   36   -4   -7   22    0  -13    2   17  -10   11   29    9   45    5   18   -3   43   32    8  -11    5   -5   27    8    2   13   -7    0   -9   13   13    2  -15    5    2    7   -1   -3  -15    2    9  -13   12   -1   -9   -7   34   11   21   18   11    5   20    5   43   11    8  -10   17   26   -4   -6   11   -6   -7    2    9  -16    0    6    0  -12   10    9   15   -1   -6    5    7   14   22   -1   -1    8   18   13    5   21    3    3   12   13   18    6   -1   18   19   23   23   11   15    0   29   36   12    0    1    6   48   29   21   25   40  -24   20   24   25   10    1   19   60   12   14   21   -8   20   15   19   -1   38    7  -10   -1   -7   18   40   32  -19   22   12    8   -1    2    4    7    0   15    6   15   11    5   30   14    3   23   29    7   30   19    8   22   16   10   27    8    7    6    8   -7  -28  -11   24   35   16   37   23   36   19   22    7   36   39   27    8   10   14   43   46  104   10    5   36  -13   10   21  -19    9    5    0   -3   13   10   14    4  -12    6  -17   12   -9   23   38    7   11    1   24   13   13   16   12   -7   10   13    8    4    4   13    1    8   -4   19   17   39   10   31   14   -9   13   14   15   13   35   29    6   10    2   25   -5    3    5  -32   36   38   -1   -8   -6   -5    8    2   18    8   23   15   14   23   17   21    8   10   20   10   14    0   -1    4   -2   25    9   44   16   -2    0    5   46   16   15   -3   24   18   24   18   15   57   24   12    6   13    8    1    8    7   34   11   32   31   18   24   10   42  -11   16
NP =24    7    4   11    4   -9    7    1  -32   16  -44    4   10   19   93    5   15   30    1   16  -34   53   56   30   27   41   35   -9   11   53   39   21   24   49   54   22   44   44   16    4    9   45   37   86    7   -2   18   52   49   11   -6   19   22   27   -5   22   13   33   11    9   18    0   13    8    9   20   71   21   10    0   34   20   16   20   16   28   27  -20    8   10    2   12   12   -2  -23  -16   33   36   -7  -13   29   23   50   36  -13   29   13   13   17   -4  -15   35   32   15   25   37   23   34   66   18   43   63   16   26   11   20    7   -2   20    7   19  -12  -13    0  -18   14   17    4   25   19  -18   18   34  -12   20   34   12   10   -7   45   20   -9   30    0   87   22   -2   32  -21  -24   16   31    2   43   39   35  127   -2   37   39   89   93   34  -19   23    9   33   48   14   32   -8    9  -13   33   26   22  -11   14   17  -16   22   22   -2   -1   21   -2   17   50   -9  -10   18   26   47   16   12   26    6   42   27   24   22   -4   17   34    8   -1   25    2  -11    0   39  -18   33   33    1   -5   -5   -8   46   -6   11   37    4   29   45   51   10    9   12    8   15   11    0  -10   20   19   27   29   16   28   28   27   35   19    0   28   37   48   21  -48   10   27   60   29   20   40   59  -28   24   42   19   27   15   48  127   42   27   74   31   62   54   56   16   98   24   -9   11  -10   30   22   34  -18   12   30    7    5   16   14   31    3   23   -2   18   13   19   21   21   -2   20   44   17   78    0   41   22   31   13   61   34   20   13    7   -7  -17   14   43   60   44   51   56  107   39   52   23   55   72   47    9   17   18   73   65  141   22   26   51  -10   -3    6  -16   12   41    4  -11    5   35   25   17    1   -1  -17   10  -23   22   33   12   25    7   42   14   23   23   16   -7   19   43   18    1   21   52   16   10   -1   37   27   48   34  114   46   24   44   56   35   23   85  -11   24    3   -1   25   22   17   25  -11   77   52    7   44    2  -11   11   21   57    5   14   23   12   29   14   17   29   44   28   21   16   -6   13   11   14   26   26   71   30    3   -9   25   74   39   53   11   47   26   38   32   27   79   50   20   27   35   13   38   42   37  166   25   30   56   18   31   16   54   14   59
NP =25   -3   14   16   31   29   11    2   -8   -5  -23   -2   41   28   50   -5   14    8    1   14   22   12   73  -16    9   17   23  -26   22   13   68   22   22   -6   38   25   21  -23   34    1    5   12   24   86    8   -1    2   18   24   19    5   15   53   17   20    0   68    8   11   17   17   10   22   14   15   19   -8   24   16   -1   29   16    1    9   21   27   26    0   19    6   10   -8   24   -3   27   24   21   24    4   14   17   19   25   11   12   53   20   15   14    2   -7   -7   30   22   13   22   38   25   14   19   21   24   20   24   21   60   -5   43   25   21   17   17    5   13   -2   16   22   12   20    6   -9   41   43  -28   16   51   11   20   14   45   38   16   11   29  109    1   32   22   14    4   39   16   -4   43   -6   42   18   -2   38   78   36   60  -13    0   48   34   28   -1   22   26   15   -2   -1   32   16   14    2   11   10   -3    4    8  -13  -53   35    7    8   41  -23  -12   31   24   28   24   40   27    3   19   25   16   35    9   20   25  -14   21   27    7   -1   22   10  -22  134   37   18   -4  -23  -49   42   -8   14   24  -10   28   26    4   -9   20   10    3   27   24    3    1   14   31    2  -12   23   19   16   16    5   19  -33   -3   51   15   10  -34   11   46   31    5   16    6   22   12   11   24    8   11   21  -11   30   33   19   46   17    8   21   39   18   55    5   31   18   27   13    8   40  -10   26   26   18    6   16   36   45   14   29   -3    7  -13   26   24   24    1   15   24    8   12    5   28   23   24   13   34   33   33   26    2   20  -14    3   26   46   21    6   46   74   44   31   11   12   20   20    8   69   45   23   50   17   19   18   10   18    2   -8   -1   21   15   -5   28   10   36   38   19   10   21  -20    2  -21   46  -25   26   14    6   14   17    8    6   22    5   12   35   18   10   39   37   47   25   10   41   42   25   14   16   21  107   52   26   33   31   16  -17   10   23    8   32   37   23   34    6   40   17    8   -8    5   12   78    4   -9    8    5   34   30   35   11    8   20   45   -6    7   50   12   12    8   19   16   12   13   17   -2   22   12   23   14   25   12   39   33   32   34    3    3   11   10   32   10   42   -4   18   24  312   22    8   29   16   14   42    9    1    0
NP =26    4    1    1    0   -1    1    3   -6   -7    2   -4   -2   -3    0    9   -5   -2    8   -2    9   11   -4   -5   -1   11   -2    9   -7    4  -10   -3    2    5   -1    1    0    3   10    7   -3    1   -2   -4   21   16   -1    1   14    6    8    0    5   19   11    2   16    6    2   -1    7    6    1   -1    2   10    3   10    1    4    2    9   -7   -2   -5   -1    0    7    2   16   12   12    5   12   11    4    7   16    0   11   13   -3   -7   -5    6   15    5   -3   -1    0   13   -5    1    9   -2   -8   -4    1   -4   -2    1   -5   13   -3    2    3    5   11    2   -4  -14   -7    1   -1    4    6   -8    0   -1    1    8   -4   10   11   -3   -9   16   17    9   -7   -3   11    3   14    5   13    3   -6    6   14   -5   -1   18    3    0    3   -5    8   -6   13    0   -3    3    8    6    0   -6    4    6   10    0   11    1    5   -9   -9    6   -1    3    2   11    7    7   20   -2   -3   -4    4   13   31   -4    3    3    5    7    9    2    9    9   43    4   11   -3   -2    9    4    7    4   11   -1   -4   11    6   17    0   15   20   10   -1   16    9    3   -4   -9   -4    6   11    3   -9    0    0   -4    1    7   -1   -2   -1    3   -3   -1    6   -7   -4    0   20   16    2   15   10   15   -4   -4   -7   -6   -4    5   -3    9   -3   -7   -6    8    0   12    7    7   -1    5   14    3    6    5    8   -3    6    9    1   -3   -1    7   -2    1   -2   -8   -2    4   -3   -8   -6   -2    2    9    0    7    4   -5   -5    3    2   -8   -2    6   14   -7   -8   -1   -3    4    2   -2    5   12   -2    5    9   -9  -13   -1    4    2    2    3    2    9    0    3    7   13   -4    3    0    3    4    2    0    2    8    4    2    3   -9    2   -2   -7   -1   -6   -7  -10   -1    0    7    0   14   -3   21   -9   -8   22   -2   -2    0   -6   -1    4    7    3   -7    2    0  -10    6    5   11   -7   -2    5    1   10   -2   27   -2   20    4    4    2    8    5    1   27    9   13   -4   -2    8   -2    4    2   15    1   -7    1   -6   22    5    1   -7   -6   -3   -5   -3   -7    2   -1   -6    3    9   22    5    1   -7   -3   -1   -5   -2   12    3   -4   -1    2   -1   -1   -4   -4    1    5    5    0   11    0    6   -2   11   -1    0    7   -3   -4   -1    1    1   12    7    4   22
NP =27   40   38   36   38   35   37   44   42   34   44   40   44   46   32   48   45   48   55   55   54   53   42   45   44   60   48   46   28   57   33   32   46   45   37   31   25   54   49   45   40   42   46   46   42   49   52   53   52   56   53   50   54   53   57   54   59   50   53   44   53   51   53   42   40   52   57   61   47   49   47   50   33   42   48   47   44   44   51   55   52   53   55   50   60   59   56   57   40   51   54   36   40   43   53   56   44   47   61   47   51   41   33   51   43   29   52   53   52   50   50   49   55   29   47   37   46   44   51   48   32   43   33   39   51   52   48   42   48   44   54   40   48   54   31   35   46   46   58   30   32   43   48   39   57   58   35   16   53   54   32   40   53   48   46   47   31   49   39   55   52   41   38   49   41   39   32   39   53   57   37   52   42   50   19   29   31   42   52   53   56   51   50   52   45   39   37   54   50   50   43   54   54   46   47   54   44   54   40   57   51   54   37   32   45   50   59   47   56   35   32   53   42   50   32   54   55   53   37   54   48   51   46   13   34   39   37   31   26   28   43   38   47   49   41   11   36   47   40   37   46   30   42   43   57   58   49   50   56   58   43   47   39   31   34   49   43   51   52    8   43   40   46   56   60   50   44   33   46   50   52   59   58   47   50   44   43   43   42   49   38   36   40   26   11   50   45   24   25   42   34   41   39   51   59   43   13   30   47   42   37   48   50   36   34   36   45   52   49   46   51   48   44   51   53   44   46   44   54   55   49   52   47   50   53   50   49   51   49   53   52   46   49   39   30   43   51   49   45   54   18   28   45   42   43   30   35   24   27   38   37   43   53   27   44   30   41   57   49   47   40   29   45   47   43   60   40   37   29   47   40   40   49   34   39   51   50   51   44   54   48   56   47   49   35   51   50   48   52   53   52   33   43   48   47   41   48   49   51   38   47   22   54   57   39   27   39   42   33   35   26   48   34   36   48   51   41   52   46   40   49   45   47   53   45   37   30   29   42   33   45   43   41   13   31   47   54   51   51   51   49   52   52   50   53   39   38   34   42   39   49   55   41   54
NP =28  -18   -6  -98  -50  -84 -167    8  103   69  243  212   16  103  -22   33  -27  124  355  280  313  400  142   93  121  238   54  261  -73  352  -44 -119    0  170 -129   21    1  277   93  147    4   53   71  174  215  128  267  218  265  326  131  137  287  224  287  213  320  206  243  245   45   55  154  -72   92  156  293  226  135  101  119    1    9  174  161   53  186  169  271  369  150  308  267  167  273  147  227  189   71   68  165  -14   -8  -57  153  238  166  -92  309  190  241   -4 -181   73  112  -79  176   45   20  157   84   94  303 -163  106   51  181  118   85 -131  -63  -55  120   87  172   93   87  -32   -9   14  174   90   91  301   90 -159   76  191  168   31   13   46  133   54   91  202   71 -221  260  266   13  154  253  222  164  210  -62    3 -162  258  210  142  142  159  121   63  -10  131  269  331   79  239  -42  -60 -109   -5   58   30  111  149  152  123  186  221   22  100   99  230  205  254  167  127  153  -16  124  111   46  140  202  330  -51  243 -144   -8  185   53  208   84  233  -45   80  326  176   -2  123  301  399  342   50  352  156  212  189 -264  -69   71 -173   58 -154 -106  -88  -17   77  101   38 -327 -224  111   14   39    3 -118  -18   93  266  262   48  226  398  350  -47   13  -90  -81   50   54   51   94  243 -344  105  -15  -80  180  139   23   37  111  139  183  188  237  180  215  194   21   88  127   95  244    9   -5   67 -224 -223   82  138   18  -53  -51 -147  103   48  104  343  -39 -225   36   10   55  -22  110  239   65  -63  -61  312  184  207  132  150  -20   84  282  269  -55   35  179  258  301  158  292  162  234  195  213  189  231  255  228  223  251  308   69   77  206  146  276  241  204 -235 -171   68    2   25 -177  -56 -218  -13   31   82  112  207 -251  183 -247  -29   30  -20   10  -58 -164   73  150  161  170  121   20   93  104  128   97  167   -2  -72  129   42  111  158  246  256  341  -60  -18   95  276  202  190  303  396  256   87   89  220  135  125  188  208  152    9   99 -153  197  118  -31 -157 -117  -74    8  -30  -75   65 -115  -55  143   86  -22   37   12   33   56  -14  158  237   58  -25   17 -140  132  -47  110   28 -168 -385  -27   23  212  163  149  207  134  223  208  199  264   85   41  -57  177  -91  201  281  178  206
NP =29   27   33   32   31   27   30   35   39   35   40   41   37   37   35   42   40   44   50   49   51   53   44   39   43   46   38   42   30   52   31   35   42   44   39   38   34   50   45   37   29   37   40   44   46   48   51   48   51   49   47   45   48   49   45   48   47   47   49   40   47   45   43   34   35   46   48   46   41   42   41   40   24   29   46   45   39   45   48   50   49   49   51   48   48   46   47   46   32   46   47   29   29   28   48   49   42   38   48   44   49   42   26   42   39   30   48   46   46   48   45   44   49   30   45   30   44   44   44   33   14   28   31   30   42   44   44   34   43   35   44   32   39   50   23   34   39   44   48   34   36   36   48   40   46   44   28   15   50   47   28   37   52   46   49   48   36   45   29   50   47   39   38   50   41   30   33   43   48   51   37   48   34   36   20   23   27   32   43   45   43   39   45   47   37   35   30   48   48   50   34   43   43   31   43   46   35   43   39   49   37   45   27   26   43   41   48   43   48   27   26   51   40   44   35   51   51   47   39   48   45   49   32   26   33   37   28   27   27   30   32   37   40   43   39   13   31   41   30   32   37   29   36   40   49   47   40   44   52   52   31   37   30   33   39   42   38   49   48   25   43   36   31   45   44   42   37   38   46   47   46   49   47   43   49   40   36   43   35   46   37   36   37   16   13   40   30   18   25   38   29   40   28   47   45   35   20   17   45   37   34   46   48   40   26   27   49   49   45   38   44   46   39   48   50   36   44   37   45   51   48   49   47   48   50   44   46   51   49   50   48   48   50   33   30   45   45   48   45   46   24   31   42   31   33   22   24   34   33   31   38   40   44   24   40   21   27   41   35   22   28   32   41   42   42   47   35   36   28   36   38   30   45   31   32   45   45   47   38   51   46   51   39   40   36   47   46   44   50   49   52   30   38   46   46   38   44   46   45   29   44   21   45   41   27   30   32   38   31   38   31   45   32   29   42   44   32   39   34   35   43   38   43   49   41   27   28   33   38   34   39   38   36   23   25   37   42   50   49   49   48   51   48   48   51   38   35   36   38   36   47   48   38   50
NP =30 9999 9999 9999 9999 9999 9999 9999 9999 9999 9999 9999 9999 9999 9999 9999 9999 9999 9999 9999 9999 9999 9999 9999 9999 9999 9999 9999 9999 9999 9999 9999 9999 9999 9999 9999 9999 9999 9999 9999 9999 9999 9999 9999 9999 9999 9999 9999 9999 9999 9999 9999 9999 9999 9999 9999 9999 9999 9999 9999 9999 9999 9999 9999 9999 9999 9999 9999 9999 9999 9999 9999 9999 9999 9999 9999 9999 9999 9999 9999 9999 9999 9999 9999 9999 9999 9999 9999 9999 9999 9999 9999 9999 9999 9999 9999 9999 9999 9999 9999 9999 9999 9999 9999 9999 9999 9999 9999 9999 9999 9999 9999 9999 9999 9999 9999 9999 9999 9999   79  165  124  181  150  156  145  150  125   98   89   39  125   77   41  151  180  105  129   36  149  119  119  122  110   55   23  150  196   90   43  143  145   23   74   86   42  122   68  112   17   60   92   79   32   72   96   97   70    3  -25  116   37  113   57  286  263  224  178  112  113   38   77   94   76   89  134  143   86   96  101  151   68   56   88  102   78   75   45  132   35   69   91  118  146  113   55   18   66   32  143  145   75   95   48  137   84  122  150  162   20   70   51  183  211  172  163   91  160  192  162  151  113   84   63  135  203  119   95  149  149   91  161  117  114   36   43   89  110   48   15  105  110  126  162  135   66   90   52  145  170  112  111   92   24    8   40   86  118   69   40   28   -8    3   54   34   73   84   68   51   34   88  199  167  176  204  170  139  200  184   99  137  123  104   76   31  134  177  141  123  120   93   77   83  136  116  131  151   13   58   61   46   90   90   89   48   85   73   62   -4   -2   27   22   33   17  -16   11  -11   -8    8  -13  -19   25   37  100  128   54   26   32   69  149  207  197  167  121  129  174  190  207  192   91  103  144   53  134  110  168  128   45   91   98  117  145   89   90  109   29  120  118  159  106  130   95   41  140  106   57   29   33   80   11   60  -24   62   57  124   91   31    6    5   13   13  134   86   33   17   48  192  179  182  174  153  167   58   51  180  179  175  146  162  172  144  116  137  131   96   69  129   78  109  147   82  119  102   61   67  138  151  145  104  151   91  120   89  157  108   51   25   36   27   21   46   -6   16   19  -10   57   55   45   44   35   18   -7   61   -2
NP =31    0    0    0    0    0    0    0    0    0    0    0   13   29    0    0    0    0    0    0    0    0    0    0    0    0   10    0    0    0    0    0    0    0    0    0    0    0    0    0    0    0    0    0    0    0    0    0    0 6493  164  823    0 5137 7646 6802 2013   38   25    0    0    0    0    0    0   44    0    0  356  607    0  352  142    0    0    0    0    0    0    0    0    0    0    0 3378    0    0  643    0    0   28    0    0    0    0    0   59   58  399    0    0   20    0  372    0    0    0    0    0    0    0    0 9005    0    0  109    0  343  391 1118    0  340  137  348   20    0    0    0    0    0  550    0  443   58  340    0    0   30    0    0    0    0    0    0   97 1325  542    0    0    0    0    0   19    0    0    0    0  478    0  106    0    0    0    0  180    0    0    0    0   89    0    0   25 1578   41    0    0    0    0    0  737  348    0    0  686    0    0    0    0    0    0    0    0    0    0    0   48  838    0  538  617  128    0    0    0   90   30   33  294    0  105    0   85  488    0   15    0   35   21    0  189    0    0    0    0    0    0  298    0    0    0    0    0    0    0    0    0    0    0    0  508    0    0    0    0    0    0   32    0    0  103    0    0    0    0    0    0    0    0    0    0    0   86  315  932  273    0    0    0    0    0    0    0    0    0  433    0    0    0  212    0    0    0    0    0    0    0    0    0    0    0    0    0    0    0    0    0    0    0    0    0    0    0    0    0    0    0    0   24   41    0  493  106    0    0    0    0    0    0    0    0    0    0  764    0    0    0    0    0    0    0    0    0    0    0    0   54  724    0   27    0    0    0    0   45   37   20    0    0    0    0    0   52    0    0   55   11  597  200   58    0    0    0    0    0    0    0    0    0    0    0    0    0    0    0    0    0    0    0    0    0    0   85  212    0    0    0    0    0    0    0    0   44    0    0    0    0    0    0    0    0    0    0  529    0    0    0    0    0    0    0    0    0    0    0    0  160  241   40    0    0    0    0    0    0    0    0    0    0    0   30    0    0    0    0    0    0    0    0    0    0    0    0    0    0    0    0    0    0    0    0    8    0 3733
NP =32 9999 9999 9999 9999 9999 9999 9999 9999 9999 9999 9999 9999 9999 9999 9999 9999 9999 9999 9999 9999 9999 9999 9999 9999 9999 9999 9999 9999 9999 9999 9999 9999 9999 9999 9999 9999 9999 9999 9999 9999 9999 9999 9999 9999 9999 9999 9999 9999 9999 9999 9999 9999 9999 9999 9999 9999 9999 9999 9999 9999 9999 9999 9999 9999 9999 9999 9999 9999 9999 9999 9999 9999 9999 9999 9999 9999 9999 9999 9999 9999 9999 9999 9999 9999 9999 9999 9999 9999 9999 9999 9999 9999 9999 9999 9999 9999 9999 9999 9999 9999 9999 9999 9999 9999 9999 9999 9999 9999 9999 9999 9999 9999 9999 9999 9999 9999 9999 9999   10   17   18   21   18   10    6   10   10    8   11    7   14   13    6   19   20    9   14   10   16   11   12    6   16   17   14   24   23    4    3   18   16    1   10   10    5   19   12   13    4    5   11   10    7   13   16   16   11    2    1   15    8   13    9   24   16   17   15    9    8    6   14    8    7   16   16   14    6    6    5   13   12    7   10   12   12   11   10   13   10   13   14   16   18   16   12    3   11    7   18   18    2   12    7   18    6    2    4   17    4    9    5   16   21   18   13   11   22   19   15   13   16    8    9   13   23   11   10   16   18   16   17   12   12    2    7   12   12    3    0   15   11   13   16   13    8    7    4   18   21   14   13   14   12    4    7   13   16    9    7    8    5    4    9    4   13   11   10    8   12   15   13   17   19   16   10   12   22   20   11   16   16   11   12    4   11   17   14    8    8    7    3    9   15   14   13   13    6    7   12    5   12   13   14    4   13    7    9    3    0    4    8   12    7    1    3    4    4    5    3    4    6    5   15   17   13    6   10    9    7   16   15   15   13   13   15   16   17   15   12   13   10    9   17   13   18   13   10   11   13   13   14   10   10   13    6   14   12   20   14   12   17   10   16   15    9    6    4   15    0    8    0   12   11   16    9    3    4    8    2    7   16   11    9    4   10   17   11    8    9   14   18   16    8   17   15   13   11   13   12   12    7   15   20   11    8   18   16   15   15   10   10   10    3    7   16   16   17   10   22   15   13   11   17   14    8    3    3    6    2    4    1    5    9    3   14   12   11   10   13    9    8    8    4
NP =33  414    0    0    0    0    0   42  290  414  328  370   26   53  328  192    0    0  414    0  370  328  414    0    0  328  255  328    0  290    0    0    0  328    0  414    0  255    0    0    0    0    0    0  414  370  328  413  290  164  254  191  290  254  139  254  164  328  413  221  191  191  117    0    0  254  221  413  164  117  369  290   97  191    0  413   32    0  221    0  191    0  328  254  139  290  290  221    0  254  290  117    0    0  413  413  413  221  328  290  290  369    0  221  290    0  328    0    0    0    0    0  254    0    0  221  413  413  254   65    0   80   52   52   20    0    0    0    0    0   97    0   97  328   65    0    0   52  290    0    0    0  290    0  254  369  191   80  413    0  254    0  413    0  413  117  328  290    0  328  254    0    0  290  221    0    0    0    0  221    0  290  369   52   80    0    0    0   97  254   65   97  413  369  164  254    0  413  413  191    0  369  221    0    0  221   80  290  290  221  164  164  117    0  413  117  139  413  221  191  117  328  413  369  413  191  328   52   80    0  328  290  191    0  413  369    0   97    0    0   52  369    0    0  328   52    0  413  139    0  117    0    0  290  290  328    0  369  290  328  164  254    0    0  413    0    0  369    0    0  413    0  191  254  413  290    0    0  328  290  290  221  191  413  369  191    0  413    0  221    0    0   65    0    0   32    0  117    0    0    0  413    0  254  191    0    0    0    0    0    0    0  328  191    0    0  413  290  254  191    0  164  191  413  413    0    0    0    0    0    0    0    0  290    0    0    0  328  254    0    0  413  290    0    0  328  254  254  290   32    0    0   97    0   65   52   25    0    0   20  413    0   52    0  221   65  117   65  117  164    0    0    0  254  413  413    0    0  254    0    0    0    0    0    0  413    0  369    0  369    0  413  191  221    0  328    0    0  369    0  413    0  221  290    0    0   41  254    0    0  413   97  369  191   97    0    0    0    0    0    0  290    0    0  369  328  191  191  117    0    0    0    0  328    0  191    0    0    0  290  369    0    0    0    0    0    0  369  369    0  369  413  369  328  328    0    0    0    0    0    0  413    0  221
NP =34  177   55   47   42   37   17   72  321  176  566  545  385  199  334  291  177  225  901  763 1001  978 1108  251  306  716  433  294  113  787  101    0  134  282  507  295    0  811  482  338    0   95  170  230  909  814 1060  959  994  839  874  417  742  854  868  908  800  544  799  569  671  506  322  113  300  455  582  732  322  355  484  467  155  174  419  505  210  393  716  841  951 1034  973  937  722  628  629  702  235  293  431   81   47   81  531  655  722  209  530  358  722  545  379  455  281   67  646  743  675  840  819  842  939    0 1026  831  278  889  274  386  191  205  170  127  229  313  235   35  158  671  790  162  295  774  218  146  278  380  638  177    0    0  726  318  508  490  325   54  723  648  200  195  995  776 1024  730  651  215  190  653  478  775    0  729  507  170  109  814  962  995  276  867  231  407  111   21  233  229  493  355  484  256  325  566  404  108  123  372  437  838   99  494  439  230  246  506  219  421  318  684  350  368  173  133  272  257  585  402  704  208  165  962  950  593  295  979 1020  404  503  687  714  368  145   72  516  603  177  179  108   30  137  122  380  245  848  176   87  470  205  234  337  175  227  345  708  581  231  241 1005  902  268  252   74  234  358  166    0  978  547    0  691  295  229  439  585  488  421  295  727  509  530  690  793  356  518  617  137  619  654  545  918  233  153   54   17  230  127  229  255  310   71  546  229  545  656  146    0    0  207    0    0  684 1013  514  100   87  774  633  481  456  549  315  326  543  839    0  392  146  803  842  381 1000  734  541  869  810  803  933 1005  900  673  977  980   74  424  806  228  658  300  335   88    0  205  178  276  126   27  279  234  107  295   89  841  205  456  165  100  455  417  191  210  244  234  466  438  690  358  178  298  147    0  252  126  133   74  397  634  757  515  943  955 1005  942  411  177  922  978  566  856  770  917   88  166  167  585  982  194  790  733    0  718  111  383  275  119   43    0   27    0  619    0  549  298  156  357  378  616  385  184   81  369  368  540  228  515  216   88  424  221  193  168  184  123    0    0  402  800  982  868  622  655  974  393  735  922  439    0  643    0  722  857  943  456  776
