-4  -30   -8   -9  -10   -8   -7  -23   -9
252  158  187  153  134  112  205  464  229
7   85   58  162  152   53   30    4   45
303   55  109   26   38    0  566 1240   67
233  120   99   93   90   89  115  120  124
213  130  137  117   92   30  159  269  119
124   70   71   68   -1  -20   32  148   14
23   16    8   11    5    1   -1  106    5
154   85   78   74    2  -23   36  151   13
145   54   78   75  -38    2   76  195   33
45   21   14   12   11   11   19   15   21
-22  -32  -16  -69  -43   58   15   -7  -43
66   60   32   67   51  122   23   50   32
-187 -143 -156 -124 -107  -86 -168 -439 -190
110   32   46   39  -48  -10   52  190   20
9    6    3    4    8   -9   10   -6   -5
20   14   22   22   10   14   22   14   10
-261 -162 -192 -112 -120 -196 -236 -465 -201
665  340  149  113  312  234  258  -68  380
103   78  117  117   66   78  117   78   66